39.8018
39.8076
39.8777
39.919
39.8118
39.9495
39.8866
39.8181
39.8918
39.872
39.8817
39.8003
39.8447
39.8412
39.8834
39.88
39.8248
39.9143
39.9239
39.8451
39.9113
39.8316
39.8291
39.8426
39.8952
39.8598
39.8066
39.824
39.7437
39.8218
39.8834
39.8335
39.9127
39.857
39.8914
39.8663
39.8451
39.7712
39.8835
39.8549
39.8054
39.9121
39.7817
39.8494
39.8974
39.8602
39.854
39.8484
39.8461
39.8555
39.8593
39.913
39.8701
39.7373
39.8439
39.8517
39.8357
39.8232
39.8762
39.8273
39.7608
39.8085
39.8151
39.9526
39.8736
39.8327
39.7799
39.8916
39.9157
39.8124
39.9068
39.8605
39.8311
39.8671
39.8486
39.8493
39.7997
39.8744
39.8441
39.819
39.8623
39.8881
39.7862
39.7853
39.8171
39.8274
39.8428
39.8033
39.7989
39.8336
39.8502
39.8071
39.7749
39.8718
39.8977
39.863
39.8318
39.7826
39.908
39.8102
39.7944
39.799
39.8254
39.7917
39.8941
39.827
39.7865
39.8337
39.7739
39.8531
39.7181
39.836
39.7988
39.7736
39.8402
39.8896
39.8821
39.7026
39.7495
39.7912
39.7963
39.8162
39.8085
39.8309
39.9122
39.7689
39.8825
39.7945
39.7743
39.7591
39.8422
39.7816
39.8532
39.7855
39.8895
39.8045
39.7678
39.8094
39.8018
39.9161
39.8397
39.8056
39.7808
39.8314
39.7177
39.7971
39.8436
39.765
39.7718
39.8169
39.851
39.8151
39.8519
39.8258
39.938
39.7747
39.8128
39.8213
39.7971
39.794
39.8349
39.8294
39.8317
39.8611
39.7967
39.8347
39.8906
39.7559
39.8758
39.8511
39.9105
39.7861
39.9481
39.8307
39.8393
39.9184
39.8742
39.8189
39.731
39.8754
39.8256
39.7018
39.7694
39.8314
39.8754
39.7896
39.8437
39.7838
39.826
39.8294
39.7927
39.8142
39.7754
39.7902
39.828
39.8502
39.881
39.8171
39.8419
39.8972
39.7747
39.8392
39.8353
39.784
39.8005
39.8226
39.7641
39.8139
39.8219
39.8016
39.8657
39.8568
39.7967
39.737
39.8073
39.8096
39.7354
39.871
39.8643
39.776
39.8492
39.8556
39.8387
39.8988
39.8377
39.7526
39.7462
39.8242
39.8645
39.7896
39.7032
39.8105
39.7842
39.7781
39.8026
39.7814
39.8047
39.7696
39.7895
39.7906
39.8
39.7574
39.8523
39.8213
39.8324
39.8058
39.8185
39.8312
39.8577
39.8216
39.7686
39.7959
39.8334
39.8887
39.8206
39.8143
39.8403
39.8456
39.8676
39.8794
39.8507
39.8301
39.8439
39.8293
39.8428
39.8099
39.7682
39.8617
39.7798
39.8008
39.806
39.8951
39.8506
39.8318
39.7473
39.7486
39.7882
39.8916
39.8738
39.7804
39.7777
39.7517
39.7995
39.7919
39.8222
39.7661
39.723
39.8292
39.7842
39.8134
39.8064
39.7169
39.8299
39.7548
39.8508
39.7415
39.7844
39.7866
39.8455
39.7672
39.8359
39.8165
39.756
39.758
39.7773
39.7878
39.8739
39.7152
39.8008
39.8044
39.7694
39.7365
39.825
39.7457
39.7833
39.8234
39.7742
39.8323
39.7665
39.8115
39.8275
39.7617
39.7207
39.7903
39.8021
39.803
39.7779
39.7773
39.8473
39.8422
39.7915
39.8144
39.8548
39.7682
39.8092
39.9007
39.7769
39.8187
39.7814
39.8184
39.6537
39.8124
39.7643
39.8041
39.7315
39.8109
39.7862
39.7113
39.7234
39.7435
39.7706
39.7801
39.8261
39.7651
39.7887
39.7399
39.7937
39.7653
39.7637
39.7146
39.8277
39.7514
39.759
39.7805
39.7574
39.8024
39.7412
39.7818
39.8848
39.7807
39.7834
39.7496
39.7349
39.7365
39.8003
39.771
39.8182
39.8078
39.7721
39.8452
39.7966
39.7352
39.7715
39.8377
39.8367
39.7395
39.7616
39.7953
39.7641
39.7619
39.7243
39.7803
39.7815
39.7257
39.7924
39.811
39.7752
39.7942
39.6811
39.7175
39.7981
39.7963
39.8358
39.7872
39.8081
39.8262
39.7965
39.7729
39.8022
39.7715
39.7664
39.7833
39.7951
39.7841
39.7465
39.8046
39.7963
39.8268
39.817
39.829
39.7925
39.7715
39.7604
39.7558
39.74
39.7105
39.7614
39.6768
39.8806
39.8266
39.8251
39.8178
39.778
39.7144
39.7549
39.7916
39.7697
39.75
39.7096
39.7477
39.7569
39.7632
39.806
39.7614
39.6552
39.7036
39.7786
39.6835
39.7701
39.7883
39.739
39.6818
39.8416
39.7453
39.731
39.8225
39.7652
39.7322
39.7271
39.789
39.7878
39.7461
39.6674
39.7507
39.7095
39.7571
39.8345
39.7765
39.7748
39.7427
39.8405
39.7451
39.7537
39.6954
39.7341
39.7867
39.6448
39.7612
39.8739
39.7592
39.7472
39.8137
39.8267
39.7368
39.7961
39.8019
39.7623
39.7413
39.7175
39.7563
39.6913
39.7471
39.7242
39.7649
39.7169
39.7673
39.8091
39.747
39.6931
39.7973
39.6918
39.7476
39.7528
39.7904
39.7707
39.7202
39.8245
39.7352
39.8298
39.7371
39.7743
39.723
39.7237
39.6918
39.7741
39.7407
39.7006
39.8315
39.7664
39.7165
39.8177
39.7543
39.6873
39.7492
39.7874
39.7307
39.7132
39.6797
39.7797
39.7835
39.7896
39.7755
39.7567
39.7154
39.721
39.6405
39.7212
39.7197
39.7632
39.7399
39.7852
39.7949
39.7241
39.7247
39.7366
39.7712
39.7363
39.7618
39.7321
39.7758
39.7478
39.7994
39.7983
39.7734
39.7585
39.8336
39.774
39.7218
39.7355
39.7144
39.7404
39.7672
39.7537
39.7508
39.7704
39.7126
39.6782
39.6898
39.7129
39.7894
39.7322
39.7766
39.8202
39.714
39.6997
39.7934
39.7216
39.6573
39.6851
39.7162
39.76
39.7334
39.7851
39.7399
39.7632
39.7534
39.7214
39.7504
39.7725
39.7656
39.7455
39.7368
39.7594
39.7795
39.7168
39.6839
39.7455
39.7841
39.6747
39.765
39.7246
39.7429
39.6802
39.7715
39.846
39.7623
39.6595
39.7031
39.7839
39.7663
39.7136
39.6829
39.7129
39.6996
39.7411
39.7146
39.7595
39.7905
39.7702
39.7317
39.7216
39.7701
39.7384
39.7005
39.7406
39.7335
39.6965
39.7351
39.7203
39.7669
39.7117
39.6093
39.6456
39.8141
39.7098
39.7896
39.7778
39.7399
39.7287
39.7677
39.7951
39.7093
39.7261
39.7353
39.7086
39.7874
39.7499
39.741
39.7783
39.7151
39.713
39.7148
39.8067
39.7651
39.7331
39.776
39.7761
39.7572
39.779
39.6864
39.6725
39.8503
39.7692
39.7174
39.7975
39.758
39.7401
39.7326
39.7747
39.7165
39.7117
39.6896
39.7308
39.767
39.7647
39.7785
39.6966
39.7337
39.7667
39.7009
39.7612
39.7406
39.7617
39.7165
39.7996
39.7482
39.7224
39.7047
39.7477
39.7904
39.6439
39.7173
39.7388
39.7489
39.6726
39.6855
39.8053
39.7068
39.7181
39.6272
39.7637
39.764
39.7201
39.7078
39.7254
39.7683
39.7876
39.7039
39.7675
39.6325
39.6483
39.7209
39.7716
39.7433
39.7179
39.6903
39.742
39.7295
39.6731
39.7443
39.7377
39.7145
39.7473
39.662
39.7806
39.6884
39.6924
39.7456
39.6427
39.6751
39.7524
39.7151
39.7386
39.7463
39.6965
39.7107
39.6456
39.7192
39.6505
39.7086
39.7055
39.7528
39.6698
39.7783
39.7507
39.7955
39.7293
39.7554
39.6556
39.6481
39.6915
39.623
39.6678
39.6885
39.7379
39.7909
39.7803
39.6595
39.6987
39.6808
39.7333
39.7434
39.6005
39.7084
39.7695
39.7508
39.7721
39.771
39.7349
39.7331
39.7827
39.6741
39.78
39.7865
39.7213
39.7112
39.6995
39.7165
39.6893
39.7385
39.7031
39.7005
39.6526
39.6471
39.722
39.7158
39.7079
39.7558
39.7643
39.7736
39.7532
39.7205
39.6857
39.6899
39.7392
39.7229
39.7679
39.7611
39.7158
39.7629
39.6818
39.7889
39.7361
39.6492
39.7226
39.6606
39.6565
39.7631
39.7238
39.7009
39.6683
39.728
39.7346
39.7594
39.6931
39.7102
39.7091
39.6968
39.7056
39.6932
39.7674
39.7048
39.6879
39.6765
39.7233
39.7245
39.719
39.7264
39.7465
39.7548
39.7302
39.7368
39.6968
39.6577
39.7232
39.7002
39.7393
39.7243
39.7339
39.6717
39.6859
39.7092
39.6986
39.6846
39.7045
39.7164
39.7295
39.6845
39.6907
39.7461
39.7542
39.7169
39.6743
39.7495
39.7392
39.687
39.6847
39.6977
39.6599
39.7137
39.6695
39.7351
39.6937
39.7232
39.6941
39.6526
39.6797
39.6407
39.6449
39.6821
39.7082
39.69
39.6748
39.7621
39.6895
39.6722
39.678
39.7057
39.6597
39.7217
39.6963
39.8065
39.6916
39.7839
39.6455
39.727
39.6824
39.6544
39.7377
39.7207
39.7079
39.7472
39.6772
39.6866
39.7148
39.7236
39.733
39.6984
39.6673
39.7604
39.6242
39.5753
39.7254
39.76
39.7775
39.7197
39.7476
39.7037
39.7143
39.7019
39.6586
39.6805
39.7513
39.6009
39.611
39.6666
39.7192
39.6907
39.698
39.7579
39.6616
39.6932
39.6713
39.6753
39.6511
39.7344
39.6925
39.7837
39.7287
39.7052
39.7193
39.6934
39.6847
39.6624
39.6563
39.6833
39.6858
39.744
39.6444
39.746
39.6835
39.7493
39.7321
39.7185
39.6063
39.7114
39.7538
39.6285
39.6402
39.6554
39.7475
39.6666
39.6799
39.7642
39.7042
39.6991
39.7029
39.821
39.6783
39.7274
39.7731
39.6482
39.6615
39.6538
39.6085
39.72
39.6815
39.6555
39.7475
39.697
39.691
39.6353
39.6683
39.6522
39.7266
39.7231
39.6847
39.5717
39.6673
39.7197
39.7086
39.6956
39.7328
39.7333
39.6537
39.6695
39.6372
39.6059
39.7368
39.7706
39.6883
39.7609
39.697
39.6718
39.5913
39.5489
39.7451
39.6715
39.5833
39.6602
39.7041
39.6956
39.7243
39.7154
39.7397
39.6499
39.6676
39.6904
39.7328
39.6322
39.6795
39.6598
39.7067
39.6553
39.6474
39.6438
39.7006
39.6529
39.7395
39.7217
39.8282
39.709
39.7247
39.7249
39.6259
39.6951
39.673
39.6203
39.5705
39.6647
39.7229
39.645
39.5853
39.7675
39.6507
39.7277
39.7537
39.6938
39.7332
39.6334
39.7002
39.7701
39.6079
39.6968
39.653
39.7141
39.6583
39.6622
39.7178
39.7316
39.6535
39.7026
39.6728
39.7443
39.6069
39.6739
39.7586
39.6711
39.6654
39.6997
39.6641
39.6569
39.599
39.6828
39.6889
39.6887
39.7145
39.6631
39.6966
39.6586
39.6697
39.6261
39.741
39.6459
39.5875
39.6024
39.6743
39.7048
39.7025
39.6234
39.6952
39.7096
39.6805
39.664
39.7144
39.7188
39.6337
39.7164
39.66
39.7022
39.672
39.7062
39.6147
39.6433
39.6334
39.7551
39.6157
39.6874
39.7173
39.7453
39.6176
39.6631
39.6379
39.6498
39.6967
39.6612
39.6802
39.5858
39.6601
39.6948
39.6082
39.6518
39.5917
39.6035
39.68
39.628
39.6718
39.694
39.6626
39.6465
39.6403
39.6857
39.705
39.6771
39.544
39.6132
39.7547
39.7252
39.7041
39.633
39.7059
39.6199
39.6099
39.6737
39.7171
39.6404
39.6261
39.6384
39.7661
39.6956
39.7499
39.6558
39.7173
39.6638
39.7077
39.6384
39.6948
39.6718
39.6428
39.6315
39.6842
39.7513
39.6581
39.6299
39.7073
39.6393
39.6702
39.617
39.5511
39.6541
39.7099
39.7143
39.6497
39.6092
39.6331
39.6075
39.6368
39.6376
39.6854
39.6005
39.6835
39.7095
39.6817
39.6315
39.6588
39.7215
39.7061
39.6195
39.599
39.6511
39.6594
39.7062
39.6694
39.7111
39.6789
39.6173
39.6639
39.6126
39.7136
39.638
39.6897
39.7156
39.6598
39.7294
39.6468
39.6816
39.7075
39.7222
39.6896
39.6753
39.6257
39.6401
39.6088
39.6919
39.657
39.6251
39.6799
39.6774
39.6384
39.6781
39.6362
39.6705
39.6265
39.6365
39.6835
39.6629
39.6833
39.6609
39.6658
39.622
39.6401
39.6781
39.7026
39.6946
39.5952
39.697
39.6253
39.6603
39.615
39.7037
39.6115
39.6527
39.588
39.6693
39.7169
39.7205
39.6675
39.6615
39.6506
39.6285
39.6477
39.5831
39.6531
39.633
39.6653
39.7368
39.6401
39.6892
39.6091
39.6933
39.6281
39.6516
39.6333
39.6804
39.6074
39.684
39.6579
39.6328
39.7145
39.637
39.6959
39.6453
39.6063
39.6628
39.6905
39.7102
39.6664
39.6537
39.6652
39.6245
39.6959
39.633
39.6373
39.6801
39.6418
39.6457
39.6213
39.7307
39.612
39.6585
39.66
39.683
39.6283
39.6806
39.7027
39.6949
39.6849
39.6448
39.7116
39.6319
39.639
39.6374
39.7377
39.6429
39.6697
39.6737
39.5955
39.5798
39.664
39.7012
39.6945
39.6932
39.6838
39.6963
39.6514
39.6081
39.6388
39.682
39.6556
39.641
39.6747
39.7281
39.6401
39.7028
39.7477
39.6568
39.6224
39.6805
39.6704
39.674
39.6974
39.7035
39.6412
39.6527
39.6437
39.5877
39.6074
39.6029
39.5766
39.6518
39.7356
39.6213
39.5696
39.6546
39.6651
39.7017
39.6782
39.6699
39.5892
39.6154
39.6689
39.6708
39.6924
39.6447
39.6259
39.6719
39.5925
39.5934
39.6297
39.6933
39.7342
39.6339
39.608
39.6402
39.5871
39.6672
39.6889
39.5694
39.7121
39.6957
39.5988
39.715
39.6274
39.7152
39.6669
39.6108
39.6803
39.6724
39.5887
39.633
39.5811
39.655
39.6905
39.6149
39.603
39.6242
39.6581
39.6716
39.709
39.6368
39.6089
39.6344
39.6525
39.6766
39.6971
39.6725
39.6026
39.6724
39.7286
39.6174
39.5471
39.6276
39.6832
39.641
39.6883
39.6223
39.6069
39.5779
39.6134
39.7048
39.5538
39.6603
39.6741
39.7037
39.6959
39.6334
39.6788
39.618
39.6925
39.6238
39.6927
39.6401
39.6098
39.6628
39.6481
39.6188
39.6716
39.6463
39.6399
39.6003
39.6139
39.6258
39.6195
39.6867
39.724
39.629
39.7478
39.6731
39.7295
39.7183
39.5993
39.6596
39.622
39.6961
39.6501
39.6863
39.6474
39.7057
39.6706
39.6529
39.5931
39.6385
39.6613
39.621
39.6711
39.6229
39.6486
39.6177
39.7187
39.6355
39.7002
39.5862
39.6796
39.6657
39.5709
39.6317
39.6709
39.5745
39.6108
39.683
39.7192
39.6605
39.651
39.5663
39.5737
39.5745
39.6091
39.6359
39.6854
39.6628
39.6895
39.7042
39.6414
39.632
39.6994
39.6204
39.6611
39.6487
39.5978
39.6188
39.5982
39.6432
39.573
39.5884
39.6929
39.6222
39.668
39.646
39.6091
39.6557
39.6452
39.6576
39.6124
39.669
39.6814
39.6704
39.6665
39.6573
39.6723
39.5231
39.6907
39.6258
39.7162
39.6115
39.6754
39.6231
39.653
39.653
39.6176
39.6301
39.6108
39.6582
39.6379
39.5803
39.5936
39.6312
39.5721
39.6635
39.6063
39.6783
39.6806
39.6018
39.6578
39.6799
39.6035
39.6441
39.591
39.6343
39.635
39.6715
39.6604
39.6862
39.5865
39.5985
39.65
39.6954
39.576
39.667
39.6481
39.6008
39.611
39.6242
39.6204
39.6545
39.5644
39.6989
39.6451
39.7052
39.5577
39.5948
39.6765
39.6127
39.678
39.6867
39.5871
39.6515
39.7066
39.6305
39.6543
39.6049
39.637
39.6822
39.6906
39.5916
39.6583
39.6546
39.589
39.6248
39.6043
39.7176
39.6502
39.5902
39.6856
39.6723
39.5746
39.63
39.6361
39.5346
39.6968
39.6215
39.595
39.644
39.66
39.6257
39.6234
39.5917
39.6263
39.5764
39.6012
39.4983
39.586
39.6725
39.6061
39.6789
39.6612
39.616
39.597
39.5935
39.6533
39.6349
39.5762
39.6239
39.6527
39.6088
39.6508
39.6232
39.6471
39.5693
39.5879
39.6263
39.6313
39.6429
39.651
39.5499
39.5873
39.6514
39.6007
39.5975
39.6067
39.6529
39.5873
39.6298
39.605
39.6768
39.6658
39.6332
39.6641
39.6292
39.6334
39.6303
39.6814
39.6223
39.5844
39.6048
39.6544
39.6128
39.6224
39.5797
39.637
39.6291
39.664
39.5812
39.6797
39.6232
39.599
39.6304
39.6595
39.5911
39.597
39.5764
39.59
39.6138
39.6691
39.6447
39.6009
39.5966
39.6729
39.5817
39.6413
39.6296
39.58
39.5695
39.556
39.5821
39.612
39.5815
39.572
39.6033
39.648
39.5819
39.6332
39.6391
39.6012
39.5808
39.68
39.5959
39.6957
39.5904
39.6196
39.5962
39.6378
39.6419
39.6165
39.6342
39.6621
39.5068
39.6286
39.6303
39.6928
39.6004
39.5943
39.6613
39.567
39.6414
39.4974
39.6295
39.6119
39.5858
39.6122
39.6148
39.58
39.5848
39.5937
39.5713
39.6256
39.5599
39.5378
39.6187
39.6099
39.6522
39.5782
39.5835
39.6654
39.6239
39.6355
39.6588
39.6087
39.6197
39.605
39.6071
39.663
39.6022
39.5467
39.5373
39.5609
39.6737
39.5612
39.6459
39.6506
39.5974
39.667
39.5792
39.6092
39.6068
39.5859
39.6569
39.6788
39.5855
39.6197
39.6081
39.5281
39.5702
39.5603
39.6074
39.5532
39.4867
39.518
39.5689
39.5824
39.6334
39.6095
39.6371
39.6363
39.5905
39.6079
39.6136
39.6347
39.5987
39.6386
39.6181
39.6246
39.6204
39.6342
39.6541
39.644
39.6611
39.5923
39.6396
39.6178
39.6434
39.5728
39.5676
39.5908
39.5746
39.5995
39.5825
39.6159
39.6041
39.6356
39.5784
39.563
39.687
39.5822
39.583
39.6344
39.6235
39.6807
39.6797
39.6381
39.62
39.6279
39.5597
39.5578
39.558
39.6071
39.6796
39.6295
39.5777
39.6256
39.5752
39.6299
39.6571
39.6385
39.61
39.5887
39.5811
39.5831
39.6356
39.6467
39.58
39.5915
39.6041
39.6019
39.6109
39.5412
39.6087
39.6612
39.6297
39.6204
39.5472
39.5879
39.5184
39.5856
39.6204
39.5632
39.6289
39.6108
39.616
39.6534
39.6614
39.6492
39.5899
39.6338
39.6748
39.531
39.6479
39.634
39.6779
39.6298
39.5906
39.5645
39.6082
39.5928
39.5793
39.5309
39.6537
39.583
39.6551
39.6212
39.6298
39.5903
39.6425
39.6163
39.6318
39.5816
39.5547
39.5377
39.6562
39.576
39.5366
39.603
39.6256
39.5236
39.6709
39.6386
39.5719
39.5737
39.5492
39.5846
39.5441
39.6648
39.6423
39.5824
39.6398
39.5839
39.5891
39.6241
39.6671
39.5855
39.591
39.6595
39.5912
39.632
39.5402
39.5041
39.6095
39.6174
39.529
39.5631
39.6049
39.6063
39.5539
39.6545
39.595
39.6628
39.6228
39.595
39.6704
39.567
39.6118
39.6374
39.6719
39.6166
39.6297
39.5957
39.6036
39.6618
39.5921
39.5866
39.6219
39.6379
39.642
39.5787
39.5545
39.6114
39.5101
39.6115
39.688
39.639
39.589
39.619
39.5974
39.5848
39.6695
39.6152
39.6452
39.6094
39.654
39.6494
39.6028
39.6445
39.6296
39.5816
39.5757
39.6232
39.6439
39.6642
39.6098
39.638
39.54
39.5355
39.6745
39.582
39.5485
39.6238
39.6244
39.6397
39.6385
39.565
39.6171
39.5449
39.5858
39.5362
39.6161
39.6184
39.5859
39.5878
39.6469
39.5626
39.5863
39.6187
39.6191
39.5128
39.6109
39.6117
39.6034
39.6944
39.5853
39.6202
39.6241
39.549
39.6136
39.6
39.5734
39.6315
39.5386
39.6528
39.6221
39.6493
39.6651
39.513
39.5792
39.6002
39.5618
39.6647
39.6074
39.6807
39.5355
39.6015
39.6362
39.5565
39.6235
39.6261
39.6432
39.5853
39.6616
39.5968
39.5961
39.5513
39.604
39.5523
39.6031
39.5696
39.6134
39.6534
39.6551
39.5624
39.6419
39.6262
39.6175
39.5448
39.6954
39.5867
39.5887
39.5533
39.5995
39.6
39.5751
39.6056
39.6555
39.6119
39.6022
39.6294
39.5941
39.576
39.6566
39.6251
39.5816
39.5517
39.6172
39.6036
39.5679
39.589
39.5974
39.5986
39.5504
39.6143
39.5768
39.5829
39.5708
39.5632
39.6617
39.5855
39.6171
39.6199
39.5696
39.5939
39.5108
39.6991
39.5956
39.5628
39.566
39.6267
39.5787
39.6188
39.5718
39.5994
39.626
39.6174
39.6158
39.5945
39.5249
39.4959
39.5647
39.5696
39.6295
39.683
39.5923
39.5895
39.636
39.6148
39.5859
39.5453
39.5879
39.5585
39.5318
39.5202
39.5938
39.6363
39.4877
39.6086
39.5202
39.5341
39.6584
39.6721
39.6161
39.5734
39.5905
39.588
39.6391
39.6209
39.596
39.5959
39.5904
39.5695
39.6501
39.6036
39.551
39.626
39.6067
39.5778
39.5973
39.5512
39.5687
39.5942
39.6009
39.6049
39.6028
39.5893
39.6017
39.607
39.6125
39.6331
39.5605
39.6309
39.6035
39.6001
39.5719
39.6021
39.4911
39.6107
39.5822
39.5692
39.6255
39.547
39.5818
39.5577
39.668
39.5672
39.5557
39.6133
39.5945
39.5763
39.6106
39.6222
39.613
39.5598
39.6085
39.6373
39.6105
39.5711
39.5997
39.5975
39.604
39.5855
39.5577
39.5685
39.5826
39.6127
39.6338
39.5733
39.583
39.574
39.5737
39.5582
39.6288
39.5698
39.563
39.5472
39.6241
39.6323
39.5305
39.5227
39.5578
39.6491
39.5684
39.5999
39.5912
39.5603
39.5822
39.6212
39.5688
39.5659
39.658
39.5333
39.5792
39.5055
39.6761
39.5393
39.6055
39.5755
39.6403
39.5413
39.5103
39.5952
39.5295
39.6111
39.5819
39.5906
39.5838
39.5827
39.6496
39.4902
39.6357
39.584
39.5934
39.5827
39.6094
39.5112
39.5606
39.6388
39.6844
39.5893
39.6581
39.6069
39.5755
39.5433
39.6194
39.5825
39.5907
39.6235
39.595
39.5984
39.6291
39.6528
39.5476
39.539
39.6091
39.6113
39.5739
39.56
39.5867
39.5788
39.5584
39.5864
39.5868
39.6567
39.5914
39.5615
39.5462
39.5923
39.5908
39.6152
39.7038
39.5507
39.5652
39.5306
39.5487
39.5792
39.6001
39.5463
39.5759
39.5662
39.5714
39.6364
39.585
39.5906
39.6411
39.6299
39.5528
39.5589
39.6099
39.5958
39.5623
39.623
39.6012
39.5532
39.6372
39.5572
39.5405
39.5458
39.5067
39.5248
39.5592
39.5467
39.5614
39.5568
39.609
39.585
39.6873
39.537
39.547
39.5275
39.652
39.5465
39.5446
39.5925
39.5932
39.6115
39.5452
39.5947
39.6409
39.6086
39.6216
39.578
39.4846
39.6171
39.5237
39.5226
39.5873
39.5822
39.5879
39.5989
39.5329
39.5404
39.5414
39.5893
39.5779
39.5059
39.517
39.5982
39.556
39.6008
39.6087
39.5613
39.5605
39.5869
39.5655
39.5206
39.5094
39.6132
39.6508
39.5926
39.5639
39.6549
39.5405
39.5736
39.6421
39.5495
39.6149
39.5231
39.5838
39.5922
39.5173
39.5371
39.553
39.6449
39.5831
39.6338
39.6195
39.5652
39.5939
39.5976
39.5424
39.5708
39.586
39.5586
39.5702
39.6121
39.5937
39.5911
39.5546
39.5848
39.6209
39.5882
39.5531
39.565
39.5623
39.5361
39.5814
39.6171
39.5613
39.5407
39.6136
39.6173
39.567
39.5165
39.5948
39.5888
39.5561
39.6504
39.5817
39.6185
39.5138
39.5708
39.578
39.5893
39.6095
39.5577
39.5305
39.5489
39.5545
39.5058
39.5634
39.5187
39.6116
39.544
39.578
39.5737
39.6304
39.5652
39.5295
39.5216
39.5814
39.5655
39.6119
39.6297
39.565
39.5516
39.6157
39.566
39.5939
39.5516
39.5295
39.5581
39.4962
39.5975
39.6421
39.5491
39.6199
39.5719
39.5939
39.4342
39.5491
39.5305
39.6068
39.6147
39.5853
39.585
39.4694
39.534
39.5295
39.5214
39.5272
39.5312
39.5283
39.5788
39.5206
39.528
39.5524
39.5366
39.5675
39.4843
39.4912
39.6074
39.5803
39.5862
39.5917
39.5354
39.5832
39.5479
39.5489
39.6031
39.5708
39.4527
39.5572
39.5623
39.6244
39.6001
39.6586
39.5967
39.6421
