39.8729
39.8642
40.0133
39.9085
39.8355
39.9278
39.8854
39.7903
39.8447
39.7541
39.8656
39.8571
39.9349
39.9598
39.909
39.8648
39.8784
39.9307
39.954
39.9046
39.8006
39.8724
39.9189
39.888
39.9021
39.8317
39.805
39.9486
39.8066
39.8471
39.8549
39.8746
39.8495
39.8367
39.8481
39.7688
39.9085
39.8494
39.8791
39.8623
39.8923
39.8441
39.9224
39.8268
39.9417
39.8424
39.8688
39.7835
39.8368
39.8447
39.8765
39.8756
39.757
39.878
39.8517
39.8231
39.9292
39.8341
39.9612
39.876
39.875
39.7906
39.7458
39.8759
39.8743
39.8126
39.9239
39.8561
39.8013
39.8987
39.964
39.8363
39.8802
39.8772
39.8025
39.881
39.8586
39.8073
39.829
39.8908
39.8983
39.8552
39.798
39.837
39.8348
39.7989
39.7836
39.8423
39.8999
39.8048
39.8107
39.9118
39.8459
39.8775
39.8763
39.9117
39.8225
39.8329
39.8802
39.8828
39.8426
39.8484
39.8395
39.8762
39.8547
39.8201
39.8001
39.8692
39.8115
39.8411
39.7981
39.7847
39.8252
39.8154
39.8311
39.8137
39.803
39.7938
39.8274
39.8829
39.8034
39.7925
39.8979
39.7775
39.7992
39.8049
39.8255
39.8555
39.725
39.7393
39.8112
39.7809
39.8281
39.8474
39.754
39.8506
39.7678
39.7147
39.818
39.7703
39.7422
39.751
39.8124
39.7942
39.8499
39.7413
39.8638
39.7977
39.8859
39.7793
39.7627
39.8093
39.8202
39.8011
39.7519
39.7742
39.8263
39.8053
39.8663
39.8704
39.7955
39.8853
39.8527
39.8134
39.8123
39.7391
39.7747
39.7926
39.8454
39.8328
39.8704
39.7963
39.7522
39.7833
39.8707
39.7374
39.8442
39.8095
39.8393
39.7666
39.7699
39.7375
39.8221
39.7841
39.8525
39.8052
39.7905
39.7283
39.7739
39.8335
39.7904
39.76
39.8627
39.8072
39.842
39.6861
39.8187
39.7547
39.7437
39.7953
39.7812
39.8057
39.7682
39.7704
39.8044
39.7976
39.7385
39.7361
39.7908
39.7756
39.8245
39.7494
39.8017
39.7582
39.7569
39.7833
39.7997
39.8225
39.7511
39.7992
39.7538
39.8665
39.7504
39.8006
39.7791
39.7931
39.8762
39.802
39.801
39.7471
39.7184
39.7546
39.7614
39.8088
39.8197
39.7597
39.7651
39.7388
39.782
39.814
39.7301
39.7633
39.7448
39.7142
39.7711
39.7575
39.7817
39.7377
39.7791
39.7138
39.8124
39.7829
39.7433
39.7017
39.7494
39.7467
39.8559
39.7453
39.7787
39.7143
39.7591
39.8518
39.7556
39.7721
39.7651
39.8107
39.7655
39.7582
39.7852
39.7555
39.7923
39.7437
39.7953
39.7164
39.713
39.7204
39.7458
39.7214
39.7095
39.8102
39.7853
39.7657
39.7501
39.7446
39.8157
39.7723
39.776
39.7103
39.7427
39.7349
39.7308
39.7281
39.7275
39.8608
39.7197
39.6733
39.7163
39.7989
39.7393
39.7271
39.6598
39.7515
39.7889
39.7074
39.7745
39.7381
39.7286
39.639
39.7366
39.7655
39.7389
39.7425
39.8069
39.7887
39.7361
39.7699
39.7384
39.7011
39.7436
39.7507
39.7505
39.7652
39.6855
39.7491
39.6451
39.7828
39.7303
39.7867
39.7262
39.7396
39.7683
39.762
39.7495
39.7517
39.7173
39.6877
39.7532
39.7625
39.7323
39.7552
39.7216
39.7023
39.7117
39.7041
39.7028
39.6971
39.6944
39.6788
39.7475
39.7881
39.7148
39.6972
39.7857
39.7593
39.6873
39.7348
39.7501
39.6597
39.7662
39.7342
39.7673
39.7237
39.6969
39.7065
39.7437
39.7783
39.6934
39.718
39.6544
39.7344
39.7379
39.6979
39.663
39.6421
39.7575
39.7414
39.7429
39.7192
39.6798
39.7362
39.7245
39.6768
39.7244
39.6906
39.727
39.7788
39.7427
39.7239
39.7752
39.6951
39.7132
39.7648
39.7242
39.6943
39.7796
39.7113
39.7795
39.7557
39.7333
39.7782
39.7243
39.7428
39.7226
39.7183
39.6617
39.6988
39.7435
39.6696
39.8076
39.7497
39.6725
39.6778
39.8276
39.7579
39.665
39.748
39.7059
39.652
39.7233
39.7484
39.7548
39.6782
39.685
39.7627
39.7379
39.6879
39.7174
39.6861
39.6871
39.7244
39.7193
39.6809
39.7094
39.7622
39.6871
39.6729
39.7101
39.7581
39.7751
39.7869
39.7627
39.6966
39.6636
39.6263
39.7724
39.6914
39.7889
39.6696
39.6613
39.6682
39.7248
39.6903
39.7703
39.7277
39.6973
39.7391
39.7265
39.7442
39.6878
39.7212
39.701
39.7018
39.682
39.6724
39.6665
39.7157
39.6957
39.7272
39.6939
39.7064
39.6765
39.693
39.7336
39.6848
39.6469
39.688
39.6974
39.6767
39.7323
39.6636
39.6882
39.6575
39.7454
39.6893
39.6623
39.7376
39.6978
39.6585
39.6447
39.7188
39.6894
39.7473
39.6724
39.6775
