0.0729167
0.114583
0.0677083
0.104167
0.114583
0.104167
0.0520833
0.0677083
0.0989583
0.130208
0.0729167
0.0885417
0.109375
0.130208
0.104167
0.0677083
0.0989583
0.078125
0.0989583
0.0989583
0.0677083
0.078125
0.0677083
0.114583
0.0416667
0.0625
0.0677083
0.114583
0.078125
0.0729167
0.078125
0.109375
0.104167
0.078125
0.0989583
0.0989583
0.09375
0.0989583
0.104167
0.078125
0.119792
0.109375
0.0677083
0.078125
0.09375
0.0729167
0.0677083
0.0833333
0.046875
0.119792
0.078125
0.104167
0.046875
0.104167
0.0520833
0.0572917
0.0729167
0.09375
0.109375
0.15625
0.0833333
0.0416667
0.0729167
0.119792
0.0989583
0.0677083
0.09375
0.104167
0.114583
0.0572917
0.114583
0.104167
0.0729167
0.104167
0.078125
0.0729167
0.078125
0.119792
0.104167
0.078125
0.0989583
0.0625
0.0989583
0.0729167
0.0833333
0.114583
0.119792
0.0677083
0.0520833
0.104167
0.0989583
0.0625
0.0729167
0.119792
0.119792
0.151042
0.0729167
0.09375
0.0677083
0.114583
0.0677083
0.078125
0.104167
0.0572917
0.0833333
0.0833333
0.0885417
0.0833333
0.114583
0.0989583
0.0833333
0.0989583
0.114583
0.119792
0.0833333
0.0885417
0.0989583
0.078125
0.09375
0.0729167
0.109375
0.0364583
0.09375
0.0833333
0.0885417
0.0625
0.0885417
0.0677083
0.0677083
0.09375
0.140625
0.0572917
0.104167
0.078125
0.0989583
0.125
0.135417
0.125
0.0885417
0.0989583
0.0625
0.104167
0.0677083
0.0833333
0.078125
0.104167
0.0989583
0.0677083
0.109375
0.078125
0.109375
0.114583
0.046875
0.09375
0.078125
0.0729167
0.078125
0.0572917
0.114583
0.0885417
0.0729167
0.078125
0.078125
0.0833333
0.078125
0.119792
0.09375
0.0572917
0.0625
0.114583
0.0885417
0.104167
0.0885417
0.0989583
0.0989583
0.0989583
0.0989583
0.078125
0.0833333
0.0833333
0.09375
0.0989583
0.0729167
0.0833333
0.125
0.078125
0.119792
0.0833333
0.0729167
0.0729167
0.0572917
0.0833333
0.109375
0.0677083
0.109375
0.0729167
0.130208
0.109375
0.0729167
0.09375
0.0677083
0.0833333
0.078125
0.0989583
0.0729167
0.0833333
0.0729167
0.0833333
0.0677083
0.0729167
0.09375
0.0625
0.109375
0.104167
0.109375
0.109375
0.119792
0.109375
0.0625
0.0625
0.0833333
0.09375
0.0885417
0.0520833
0.09375
0.078125
0.0833333
0.119792
0.0729167
0.114583
0.078125
0.0885417
0.0833333
0.0572917
0.0729167
0.0833333
0.0677083
0.09375
0.104167
0.09375
0.0989583
0.0729167
0.109375
0.0625
0.104167
0.114583
0.104167
0.0989583
0.130208
0.135417
0.0520833
0.0989583
0.0885417
0.078125
0.0677083
0.0833333
0.104167
0.0677083
0.0885417
0.0885417
0.0885417
0.078125
0.140625
0.09375
0.046875
0.078125
0.125
0.078125
0.0416667
0.0885417
0.109375
0.0885417
0.09375
0.109375
0.0885417
0.0833333
0.078125
0.130208
0.078125
0.104167
0.0729167
0.0885417
0.09375
0.09375
0.0625
0.0989583
0.114583
0.119792
0.0885417
0.0885417
0.09375
0.0625
0.0885417
0.0885417
0.0885417
0.0833333
0.0677083
0.078125
0.0885417
0.0625
0.0729167
0.0520833
0.078125
0.0989583
0.104167
0.104167
0.09375
0.078125
0.0885417
0.0677083
0.0729167
0.0885417
0.0833333
0.0625
0.0989583
0.0729167
0.0729167
0.0625
0.0833333
0.0729167
0.119792
0.0625
0.119792
0.078125
0.119792
0.0625
0.0989583
0.0729167
0.0729167
0.0989583
0.0885417
0.114583
0.0885417
0.0885417
0.0416667
0.119792
0.0729167
0.109375
0.0729167
0.0677083
0.0729167
0.104167
0.078125
0.0677083
0.0989583
0.0625
0.0885417
0.0833333
0.078125
0.0885417
0.0572917
0.0729167
0.0833333
0.125
0.0989583
0.104167
0.0677083
0.0520833
0.0885417
0.104167
0.0677083
0.119792
0.114583
0.0729167
0.119792
0.0833333
0.09375
0.0833333
0.078125
0.109375
0.09375
0.0729167
0.0885417
0.09375
0.0833333
0.0677083
0.078125
0.119792
0.0833333
0.09375
0.0885417
0.140625
0.0885417
0.09375
0.0833333
0.104167
0.109375
0.09375
0.0833333
0.078125
0.0729167
0.104167
0.0989583
0.0729167
0.078125
0.0833333
0.109375
0.0572917
0.046875
0.0520833
0.0885417
0.0885417
0.0572917
0.0572917
0.0833333
0.046875
0.0729167
0.0833333
0.0729167
0.0885417
0.104167
0.0885417
0.046875
0.0885417
0.114583
0.104167
0.09375
0.0885417
0.0677083
0.09375
0.0833333
0.0885417
0.0572917
0.0989583
0.09375
0.0520833
0.0677083
0.0885417
0.0625
0.0677083
0.09375
0.0885417
0.0885417
0.0677083
0.109375
0.0833333
0.0989583
0.0833333
0.0677083
0.0729167
0.0989583
0.09375
0.0833333
0.0885417
0.104167
0.0885417
0.114583
0.0416667
0.09375
0.109375
0.0729167
0.09375
0.09375
0.109375
0.130208
0.0885417
0.0989583
0.109375
0.0572917
0.09375
0.09375
0.114583
0.0677083
0.09375
0.114583
0.109375
0.0677083
0.09375
0.0989583
0.0885417
0.130208
0.0572917
0.0989583
0.0677083
0.078125
0.0885417
0.0729167
0.0989583
0.0833333
0.078125
0.0833333
0.078125
0.078125
0.078125
0.114583
0.114583
0.078125
0.0885417
0.114583
0.0677083
0.0885417
0.130208
0.0885417
0.114583
