[ 0.08201823  0.08552702  0.10106517  0.13181818  0.15970918  0.15522941
  0.11459985  0.08671256  0.08666583  0.09078338  0.07688859  0.06960032
  0.06714725  0.07527984  0.06674082  0.06226428  0.05884572  0.06691889
  0.07498595  0.08591938  0.08006776  0.0763949   0.07702711  0.07054255
  0.07311978  0.06596526  0.07495577  0.08594692  0.11083049  0.10702948
  0.07693562  0.0817208   0.10857364  0.11836999  0.10148912  0.13844957
  0.15432265  0.08683181  0.07961943  0.07265952  0.05909091  0.07343071
  0.0922496   0.10311836  0.10237627  0.10146189  0.08858195  0.10547397
  0.12388539  0.09941234  0.09751839  0.08758187  0.09895899  0.13087593
  0.09581769  0.05477604  0.05116085  0.06833333  0.06975327  0.04680917
  0.0772655   0.12308917  0.10346955  0.07862297  0.06693421  0.05899986
  0.06979559  0.05798417  0.06496668  0.09697991  0.11409797  0.12955083
  0.81959645  0.18045375  0.01555024  0.02635229  0.02395619  0.02638353
  0.01289491  0.0169837   0.01561483  0.01754386  0.01267512  0.01240209
  0.0260078   0.01355713  0.01119157  0.01460362  0.02554028  0.02539465
  0.01519155  0.00652742  0.01871981  0.02108222  0.04056795  0.81663809
  0.13540536  0.17021102  0.1799219   0.11217343  0.08040532  0.07628798
  0.07893724  0.07573813  0.04763022  0.05463728  0.0777903   0.07590051
  0.07015707  0.07002279  0.05738513  0.03512355  0.04654683  0.0547623
  0.06612628  0.11286571  0.10389225  0.08344622  0.11919517  0.15628645
  0.13148661  0.09262335  0.08782201  0.06855999  0.05773436  0.06941291
  0.07793745  0.069869    0.0836647   0.07834101  0.0736619   0.10385983
  0.13336663  0.11441205  0.09075475  0.08047611  0.06394067  0.07670043
  0.07778653  0.07204861  0.07345133  0.09387954  0.11941084  0.16370999
  0.13554823  0.12174635  0.10703364  0.09573267  0.09018088  0.07991361
  0.05879571  0.07576553  0.07241993  0.07223823  0.08244007  0.10599774
  0.08735457  0.07406727  0.07898113  0.05808036  0.05526658  0.06695293
  0.06890022  0.07544637  0.08046251  0.08793675  0.10923718  0.1174655
  0.17108786  0.17936158  0.1126227   0.10963303  0.12785722  0.11556438
  0.08198775  0.0695415   0.07700651  0.04404215  0.05629027  0.06578947
  0.05877269  0.06490952  0.07429655  0.06025019  0.0399348   0.05419784
  0.06934507  0.07186834  0.07738034  0.09191482  0.10736274  0.11044437
  0.10375907  0.11992477  0.12447005  0.08813596  0.06425657  0.06569611
  0.0868303   0.0909599   0.08525418  0.07640797  0.09171208  0.07902015
  0.09627801  0.09941013  0.09343555  0.0700276   0.06418873  0.0671004
  0.06123729  0.05719697  0.05255861  0.07376547  0.12074416  0.13816722
  0.08945982  0.08575217  0.0977237   0.09634462  0.10862087  0.12081664
  0.10684975  0.08121115  0.05909091  0.05145691  0.04870011  0.06174287
  0.07555211  0.07563338  0.0746465   0.08331108  0.08923543  0.08797251
  0.08912021  0.08340205  0.08795169  0.12132512  0.11594203  0.09774381
  0.13664914  0.11493199  0.11591339  0.0982324   0.09137113  0.09175187
  0.08365571  0.08121547  0.0670134   0.04996769  0.06633319  0.08835341
  0.07690424  0.08231259  0.07093081  0.07246377  0.08838501  0.08369588
  0.09333566  0.0856543   0.08369196  0.09073866  0.09753933  0.1292876
  0.19700606  0.11677685  0.17419074  0.15103543  0.09281627  0.08513037
  0.07496869  0.09810349  0.10243616  0.05114638  0.04493464  0.05148691
  0.03456329  0.02752294  0.0378022   0.04229391  0.05251397  0.05577428
  0.04975204  0.0621909   0.06955675  0.11663118  0.17693545  0.22730503]
