39.8316
40.0021
39.8515
39.8337
39.8523
39.8362
40.0125
39.8413
39.8649
39.8676
39.9224
39.8667
39.8839
39.9524
39.9028
39.9077
39.8532
39.892
39.9514
39.8985
39.9304
39.8218
39.9493
39.9004
39.8523
39.9154
39.8831
39.8744
39.81
39.854
39.9059
39.8505
39.9295
39.8246
39.9355
39.9202
39.8084
39.8403
39.8355
39.925
39.8733
39.8619
39.9974
39.8616
39.9017
39.9301
39.8632
39.9438
39.7868
39.8467
39.8743
39.9307
39.9157
39.7908
39.8025
39.8433
39.7969
39.8257
39.8509
39.8458
39.8233
39.8718
39.8115
39.9511
39.8477
39.8084
39.9422
39.8841
39.897
39.8155
39.9128
39.8495
39.8484
39.8591
39.8695
39.8642
39.8503
39.8595
39.8912
39.8254
39.8526
39.8807
39.8239
39.9563
39.8945
39.889
39.8632
39.786
39.8544
39.8827
39.7926
39.7851
39.853
39.8748
39.745
39.768
39.9818
39.7357
39.8702
39.7822
39.7922
39.7781
39.8628
39.8766
39.8425
39.8297
39.884
39.8783
39.9029
39.8127
39.8181
39.7756
39.8607
39.841
39.8722
39.7494
39.7826
39.8172
39.8567
39.8235
39.786
39.7716
39.8421
39.89
39.8089
39.808
39.7948
39.7819
39.7577
39.7921
39.7683
39.895
39.8554
39.8198
39.9198
39.8012
39.8781
39.8372
39.8367
39.8285
39.7958
39.7607
39.729
39.7265
39.8379
39.8192
39.8975
39.7842
39.8306
39.8075
39.7976
39.8442
39.755
39.8183
39.8664
39.8428
39.8326
39.7373
39.758
39.7672
39.8073
39.8
39.8633
39.7891
39.8331
39.7967
39.8136
39.8122
39.8167
39.7971
39.7542
39.7996
39.789
39.7425
39.7817
39.7681
39.8459
39.8175
39.8122
39.7977
39.7756
39.7666
39.7707
39.8236
39.7341
39.8204
39.7087
39.7636
39.834
39.7954
39.8225
39.7832
39.7963
39.7539
39.7936
39.8899
39.7273
39.8166
39.6649
39.8794
39.7485
39.7332
39.7644
39.7394
39.9419
39.9114
39.868
39.9831
40.0069
39.9756
39.8487
39.9539
39.8328
39.897
39.9889
40.0146
39.9211
39.9076
39.8498
39.945
39.8283
39.9003
39.9438
39.9009
39.9934
39.9234
39.9221
39.8507
39.8346
39.9566
39.847
39.8612
39.8749
39.9005
39.9256
39.8915
39.7536
39.8878
39.9244
39.8977
39.9143
39.7853
39.9311
39.9025
39.8464
39.8597
39.9923
39.7489
39.885
39.9282
39.8118
39.9748
40.0208
39.8771
39.9501
