0.0885417
0.0572917
0.0833333
0.09375
0.09375
0.0833333
0.0989583
0.0885417
0.0677083
0.109375
0.109375
0.078125
0.114583
0.0833333
0.09375
0.09375
0.0885417
0.078125
0.0677083
0.135417
0.0885417
0.0625
0.104167
0.104167
0.0833333
0.09375
0.0989583
0.09375
0.09375
0.0729167
0.09375
0.0885417
0.078125
0.119792
0.09375
0.125
0.09375
0.0625
0.104167
0.119792
0.0625
0.104167
0.0833333
0.0729167
0.104167
0.0885417
0.078125
0.09375
0.119792
0.078125
0.0833333
0.0729167
0.125
0.078125
0.109375
0.078125
0.104167
0.0729167
0.0989583
0.09375
0.09375
0.09375
0.0677083
0.0677083
0.0885417
0.0833333
0.0833333
0.0885417
0.104167
0.0520833
0.09375
0.078125
0.104167
0.109375
0.0625
0.0677083
0.0885417
0.078125
0.0833333
0.09375
0.0729167
0.0729167
0.135417
0.0572917
0.09375
0.0989583
0.0677083
0.09375
0.0677083
0.0677083
0.0833333
0.0572917
0.0833333
0.104167
0.0677083
0.125
0.0625
0.0625
0.0520833
0.104167
0.114583
0.078125
0.130208
0.078125
0.114583
0.09375
0.09375
0.109375
0.0677083
0.0520833
0.0625
0.0885417
0.109375
0.078125
0.0729167
0.0989583
0.09375
0.109375
0.119792
0.119792
0.0729167
0.114583
0.0885417
0.0989583
0.078125
0.09375
0.078125
0.0833333
0.0989583
0.09375
0.104167
0.109375
0.0833333
0.104167
0.109375
0.0677083
0.104167
0.114583
0.109375
0.0677083
0.0989583
0.0677083
0.078125
0.0885417
0.0885417
0.119792
0.0625
0.0833333
0.0989583
0.09375
0.0885417
0.078125
0.0833333
0.0989583
0.0833333
0.140625
0.09375
0.09375
0.078125
0.0885417
0.0989583
0.104167
0.0729167
0.078125
0.0729167
0.0729167
0.078125
0.0989583
0.104167
0.0833333
0.0885417
0.119792
0.114583
0.0572917
0.114583
0.109375
0.104167
0.0625
0.0729167
0.0989583
0.0885417
0.0625
0.0989583
0.0677083
0.078125
0.078125
0.0729167
0.0677083
0.114583
0.0572917
0.0833333
0.0677083
0.0989583
0.0885417
0.0833333
0.09375
0.078125
0.0885417
0.0572917
0.078125
0.0833333
0.0885417
0.0833333
0.0989583
0.0625
0.104167
0.114583
0.0520833
0.0989583
0.09375
0.0677083
0.09375
0.130208
0.0885417
0.119792
0.0833333
0.104167
0.0885417
0.09375
0.0989583
0.0520833
0.0677083
0.09375
0.0625
0.0677083
0.119792
0.09375
0.0989583
0.104167
0.140625
0.0989583
0.0625
0.0885417
0.0885417
0.0989583
0.109375
0.0833333
0.0885417
0.114583
0.09375
0.09375
0.104167
0.135417
0.0885417
0.046875
0.0677083
0.0989583
0.0833333
0.0989583
0.0885417
0.0989583
0.078125
0.0677083
