39.8856
39.8567
39.9074
39.8999
39.9783
39.9322
39.7873
39.8743
39.992
39.814
39.8921
39.8683
39.8191
39.8686
39.8663
39.8926
39.8999
39.8859
39.8354
39.8997
39.7493
39.8284
39.8336
39.8237
39.8975
39.8889
39.9887
39.8034
39.9334
39.9168
39.8179
39.9634
39.9158
39.8519
39.8664
39.9206
39.8778
39.8452
39.8649
39.904
39.8058
39.8944
39.9414
39.8748
39.8647
39.8727
39.913
39.8808
39.9013
39.8289
39.8873
39.9034
39.9426
39.9027
39.8036
39.8795
39.8327
39.8426
39.8396
39.902
39.8169
39.8427
39.8108
39.8972
39.9084
39.8902
39.9132
39.8739
39.8222
39.8362
39.839
39.8055
39.9143
39.8082
39.8507
39.907
39.9148
39.8175
39.8019
39.8566
39.8236
39.7394
39.9429
39.8027
39.8502
39.8481
39.7921
39.8744
39.8641
39.9094
40.0065
39.7415
39.8001
39.8339
39.8279
39.8918
39.8633
39.8367
39.8115
39.811
39.8723
39.8154
39.8275
39.8081
39.8548
39.8137
39.8391
39.7771
39.8923
39.868
39.8677
39.8809
39.8572
39.8392
39.905
39.8168
39.8903
39.8199
39.7439
39.778
39.8572
39.8275
39.9009
39.8043
39.8525
39.8386
39.8648
39.8453
39.8361
39.8734
39.8715
39.7951
39.7727
39.8469
39.766
39.8427
39.8166
39.792
39.7334
39.8802
39.8479
39.7906
39.9086
39.8418
39.8035
39.8794
39.8084
39.8445
39.6982
39.8635
39.8182
39.8222
39.8519
39.7724
39.8657
39.7441
39.7551
39.8038
39.8033
39.7909
39.8072
39.7251
39.7533
39.8813
39.812
39.8148
39.8209
39.7846
39.818
39.7702
39.7584
39.7178
39.8434
39.7464
39.7073
39.8576
39.8004
39.8152
39.7802
39.7877
39.7734
39.7583
39.8233
39.8342
39.7953
39.8074
39.7394
39.7343
39.8647
39.8212
39.7684
39.8288
39.8195
39.7085
39.889
39.788
39.8944
39.7615
39.813
39.8152
39.8026
39.7055
39.6841
39.7492
39.8992
39.7905
39.797
39.8516
39.7599
39.7907
39.7494
39.6436
39.7908
39.8997
39.6834
39.7009
39.7631
39.7984
39.7876
39.76
39.6952
39.7709
39.805
39.7424
39.7295
39.8163
39.7356
39.7708
39.7987
39.7936
39.7769
39.8401
39.7708
39.7895
39.7233
39.7249
39.7954
39.7268
39.7675
39.7916
39.7794
39.7924
39.8162
39.7287
39.7453
39.7664
39.8487
39.7887
39.7691
39.7583
39.7741
39.7657
39.7599
39.7361
39.7684
39.7491
39.7425
39.7824
39.7479
39.7825
39.8214
39.8419
39.7895
39.8055
39.7699
39.8261
39.7707
39.7466
39.7407
39.7184
39.7412
39.7759
39.7613
39.765
39.7334
39.8099
39.7425
39.6946
39.7675
39.738
39.6693
39.785
39.7657
39.7377
39.7569
39.7348
39.715
39.8182
39.7806
39.7667
39.7506
39.7895
39.7305
39.7829
39.8057
39.7638
39.7169
39.7863
39.7454
39.7052
39.7636
39.7205
39.7557
39.7652
39.7583
39.6789
39.7428
39.782
39.7039
39.6982
39.7206
39.7909
39.729
39.77
39.7218
39.7844
39.7397
39.7188
39.704
39.7117
39.6737
39.7519
39.7536
39.7759
39.826
39.8221
39.7378
39.78
39.7987
39.7152
39.7073
39.6917
39.75
39.758
39.7678
39.7876
39.6955
39.7182
39.7721
39.7481
39.7923
39.7226
39.7605
39.6679
39.7967
39.7967
39.7562
39.7947
39.7169
39.7342
39.7628
39.7695
39.6834
39.7232
39.7321
39.7009
39.7772
39.7275
39.7157
39.7004
39.7559
39.7597
39.725
39.7649
39.7752
39.7096
39.7099
39.7248
39.6397
39.7618
39.7317
39.7547
39.7165
39.7201
39.8249
39.7152
39.7298
39.7201
39.7192
39.7231
39.7384
39.7782
39.659
39.7442
39.7006
39.7528
39.6961
39.7122
39.7779
39.7321
39.68
39.7106
39.7425
39.6884
39.7659
39.748
39.7093
39.7621
39.6755
39.7003
39.733
39.7277
39.6944
39.7722
39.6283
39.6818
39.7035
39.7181
39.7177
39.7235
39.6958
39.6954
39.7232
39.6737
39.7723
39.7115
39.7137
39.7245
39.765
39.6335
39.7134
39.7087
39.7365
39.7498
39.7469
39.6997
39.7935
39.6921
39.7265
39.7048
39.6542
39.729
39.6772
39.7755
39.707
39.7865
39.668
39.7543
39.6661
39.6902
39.7705
39.7145
39.7826
39.7545
39.7263
39.6682
39.6705
39.7658
39.7421
39.6631
39.7601
39.6868
39.6868
39.7167
39.6576
39.6892
39.671
39.7354
39.7645
39.7202
39.7094
39.7409
39.7659
39.6515
39.7001
39.7434
39.703
39.7419
39.7071
39.6958
39.703
39.7089
39.7055
39.6924
39.5977
39.6405
39.6885
39.7375
39.6883
39.7252
39.7063
39.7546
39.6924
39.716
39.7079
39.6299
39.7485
39.7135
39.6787
39.7142
39.7146
39.7034
39.7299
39.6966
39.6642
39.6694
39.6874
39.6934
39.7015
39.6969
39.6656
39.6745
39.6939
39.7118
39.6577
39.7034
39.6355
39.729
39.7147
39.7667
39.7061
39.7351
39.7274
39.7353
39.7495
39.6587
39.7158
39.7466
39.7061
39.6605
39.6308
39.7259
39.7047
39.6882
39.6417
39.6668
39.6643
39.7135
39.671
39.7464
39.6954
39.6545
39.7177
39.6715
39.6995
39.6998
39.7069
39.6758
39.7292
39.6995
39.6828
39.6877
39.674
39.6956
39.6701
39.6865
39.6441
39.6897
39.7443
39.6485
39.6941
39.6805
39.6923
39.6975
39.6224
39.6479
39.7411
39.7042
39.6604
39.7322
39.6768
39.6926
39.7128
39.6862
39.6642
39.6928
39.776
39.6834
39.684
39.655
39.7379
39.6397
39.6493
39.7093
39.6997
39.6982
39.682
39.6869
39.6649
39.6397
39.6748
39.6477
39.6898
39.695
39.6925
39.7401
39.617
39.7101
39.6473
39.6848
39.7034
39.6835
39.701
39.6975
39.6477
39.7254
39.7085
39.7007
39.6468
39.7284
39.7181
39.774
39.7024
39.6749
39.6784
39.6059
39.6055
39.6557
39.6606
39.656
39.7172
39.6783
39.6608
39.6904
39.6753
39.6629
39.7079
39.6318
39.7149
39.7265
39.7016
39.6863
39.6693
39.7002
39.6837
39.7008
39.6401
39.6836
39.6626
39.686
39.6785
39.6864
39.686
39.7046
39.6877
39.6343
39.6618
39.6994
39.6642
39.6544
39.6683
39.643
39.6525
39.6804
39.6309
39.6002
39.6836
39.6846
39.68
39.6197
39.6658
39.6274
39.6768
39.7039
39.6075
39.6463
39.6717
39.6828
39.6922
39.6795
39.6929
39.6984
39.7049
39.6958
39.6249
39.679
39.7014
39.6432
39.6732
39.6648
39.6846
39.6433
39.6182
39.6755
39.6504
39.6903
39.6729
39.6392
39.6514
39.6757
39.672
39.6318
39.6692
39.6806
39.5777
39.6536
39.6888
39.6259
39.7162
39.6715
39.6551
39.7146
39.6467
39.6663
39.6618
39.6024
39.6527
39.6311
39.6625
39.7113
39.6595
39.6452
39.7219
39.6401
39.6649
39.6229
39.6597
39.6697
39.6388
39.6146
39.6063
39.6456
39.6203
39.7026
39.6894
39.6574
39.6521
39.6009
39.6653
39.697
39.642
39.6866
39.6628
39.6474
39.6512
39.5944
39.6251
39.6715
39.6711
39.6808
39.6167
39.6905
39.7019
39.7552
39.6088
39.6414
39.6303
39.5861
39.6276
39.6677
39.6656
39.6459
39.6672
39.6397
39.6584
39.6744
39.6044
39.6355
39.6391
39.7242
39.6273
39.6699
39.6348
39.6436
39.6561
39.6321
39.6338
39.6824
39.6716
39.6824
39.5799
39.6343
39.6838
39.7054
39.6433
39.6666
39.6501
39.6511
39.5889
39.6902
39.6623
39.6612
39.6428
39.6721
39.6694
39.7049
39.6283
39.6708
39.5953
39.6773
39.6931
39.6732
39.6857
39.6746
39.6405
39.6474
39.6421
39.6155
39.6615
39.6879
39.7307
39.6309
39.6314
39.6996
39.709
39.6201
39.664
39.6237
39.6544
39.6012
39.6959
39.631
39.5817
39.6449
39.6442
39.6223
39.6573
39.6166
39.6361
39.6677
39.6864
39.6083
39.6628
39.5708
39.6107
39.7278
39.6967
39.6617
39.698
39.6479
39.6245
39.658
39.605
39.6829
39.6688
39.6464
39.649
39.5883
39.6448
39.6459
39.6482
39.6729
39.6379
39.6192
39.6403
39.6162
39.6279
39.6364
39.6922
39.6596
39.6273
39.6582
39.6048
39.616
39.6452
39.6196
39.6708
39.6345
39.622
39.6361
39.6396
39.6327
39.6558
39.5865
39.6291
39.6355
39.6057
39.5896
39.6451
39.5926
39.6314
39.652
39.591
39.6384
39.6422
39.7169
39.6307
39.606
39.6223
39.6059
39.6245
39.622
39.6194
39.6425
39.6655
39.6347
39.6394
39.5861
39.6695
39.6155
39.6743
39.5601
39.6578
39.6416
39.6512
39.6264
39.5964
39.5954
39.6122
39.5963
39.6197
39.6438
39.5967
39.637
39.6373
39.6155
39.6812
39.6825
39.6692
39.6631
39.661
39.6646
39.6368
39.6277
39.6924
39.6308
39.647
39.6647
39.6656
39.6323
39.7062
39.6129
39.6116
39.6285
39.594
39.6344
39.612
39.6137
39.6115
39.6356
39.6195
39.6583
39.6885
39.6228
39.6059
39.6189
39.6628
39.6238
39.6413
39.6646
39.5859
39.6196
39.6933
39.6599
39.5883
39.625
39.572
39.6457
39.6314
39.6023
39.6829
39.6347
39.6113
39.6147
39.6609
39.5781
39.6274
39.6032
39.6276
39.6287
39.6204
39.6272
39.6042
39.6214
39.5795
39.6728
39.6136
39.6689
39.61
39.6535
39.6685
39.6497
39.6761
39.6133
39.6273
39.66
39.6186
39.639
39.6051
39.6477
39.6074
39.6317
39.5924
39.5989
39.6232
39.6218
39.6199
39.5897
39.6364
39.6335
39.6586
39.629
39.657
39.6242
39.6292
39.6061
39.6112
39.6294
39.6319
39.6173
39.6252
39.6566
39.6391
39.6512
39.6407
39.6198
39.6212
39.6526
39.6557
39.6119
39.6435
39.6204
39.7215
39.6181
39.642
39.6131
39.5852
39.6199
39.5856
39.6046
39.6413
39.6541
39.5953
39.5867
39.6441
39.6342
39.6215
39.6563
39.5689
39.6478
39.6328
39.6412
39.6222
39.634
39.6436
39.6186
39.6341
39.6302
39.596
39.5819
39.5508
39.6608
39.636
39.6315
39.6361
39.6652
39.6422
39.6236
39.6357
39.6025
39.6264
39.5927
39.6425
39.6215
39.5618
39.6094
39.6341
39.6303
39.5834
39.6434
39.6427
39.66
39.5742
39.6384
39.6295
39.6581
39.6103
39.5768
39.5941
39.6191
39.6044
39.6281
39.6168
39.5923
39.6347
39.6531
39.5896
39.6459
39.6026
39.6078
39.5859
39.6176
39.6069
39.6197
39.5939
39.6573
39.6517
39.6424
39.5715
39.6173
39.6041
39.652
39.5757
39.6189
39.5988
39.6241
39.6154
39.6006
39.5919
39.5897
39.6229
39.6149
39.6034
39.6066
39.6114
39.6143
39.5955
39.6077
39.5997
39.6142
39.6365
39.6039
39.6056
39.6224
39.6051
39.6038
39.6009
39.6304
39.5895
39.6486
39.586
39.5837
39.621
39.6213
39.6171
39.6004
39.5929
39.589
39.6213
39.609
39.6002
39.6412
39.6154
39.6213
39.6312
39.594
39.5943
39.6268
39.6298
39.6046
39.6153
39.6221
39.5657
39.6127
39.5848
39.6007
39.6162
39.6098
39.6232
39.6109
39.6471
39.5984
39.6329
39.6109
39.6635
39.6181
39.5919
39.5618
39.6205
39.6331
39.6154
39.6072
39.5708
39.592
39.6257
39.6017
39.6026
39.5977
39.5929
39.6502
39.6267
39.6131
39.5669
39.5872
39.6101
39.5997
39.5698
39.63
39.6091
39.6084
39.5916
39.6292
39.5596
39.5673
39.6018
39.6219
39.613
39.5944
39.6159
39.5843
39.5634
39.6427
39.6269
39.583
39.6612
39.5996
39.6357
39.6099
39.6314
39.5885
39.6147
39.621
39.5824
39.5886
39.5887
39.6226
39.6291
39.6101
39.6189
39.5504
39.5924
39.603
39.6041
39.5808
39.579
39.6446
39.5559
39.6065
39.5887
39.562
39.6017
39.6035
39.6386
39.5949
39.5829
39.6164
39.6072
39.5713
39.6295
39.5695
39.5872
39.6352
39.6058
39.6158
39.6008
39.6384
39.641
39.5944
39.6397
39.5919
39.601
39.5599
39.5988
39.5623
39.6043
39.6087
39.5953
39.6014
39.5734
39.5843
39.6342
39.5529
39.6353
39.6204
39.5956
39.5834
39.5874
39.5942
39.6118
39.589
39.586
39.609
39.6149
39.5847
39.5923
39.6076
39.61
39.5984
39.6006
39.6297
39.6041
39.6067
39.6062
39.5804
39.5886
39.5789
39.5732
39.5846
39.6104
39.603
39.5928
39.5729
39.5893
39.6094
39.6028
39.6051
39.5904
39.6046
39.6013
39.6215
39.5894
39.5878
39.55
39.5745
39.6013
39.6173
39.5796
39.5609
39.6354
39.5892
39.6122
39.6156
39.6346
39.6407
39.6426
39.6109
39.5875
39.6139
39.6077
39.6111
39.6148
39.5936
39.5913
39.5847
39.566
39.5559
39.5857
39.5488
39.611
39.5717
39.6025
39.5493
39.5759
39.6158
39.5961
39.6497
39.6155
39.6263
39.5783
39.5843
39.5799
39.6192
39.5606
39.5798
39.583
39.5557
39.5466
39.5707
39.5897
39.5913
39.5562
39.646
39.5778
39.5726
39.5775
39.6086
39.589
39.6027
39.5897
39.5664
39.5856
39.5644
39.5399
39.5883
39.5871
39.5917
39.6037
39.5705
39.606
39.5958
39.6308
39.5884
39.5952
39.571
39.5752
39.5825
39.6074
39.5602
39.587
39.5874
39.6131
39.5554
39.6008
39.5892
39.6064
39.5924
39.5825
39.6024
39.5975
39.5711
39.5988
39.5847
39.5726
39.5365
39.604
39.6166
39.5707
39.6105
39.581
39.6002
39.5897
39.6373
39.6033
39.5945
39.5791
39.6183
39.6045
39.5683
39.5886
39.5624
39.5683
39.577
39.5902
39.5991
39.5962
39.5959
39.5973
39.5944
39.5886
39.5886
39.5951
39.5618
39.5786
39.5392
39.6079
39.5835
39.6195
39.5998
39.5668
39.5714
39.5744
39.602
39.5623
39.5709
39.596
39.5802
39.5771
39.5559
39.5458
39.5669
39.5808
39.6176
39.6083
39.5809
39.6155
39.6083
39.5942
39.6356
39.6267
39.6065
39.5414
39.6132
39.6069
39.5886
39.6005
39.5913
39.5624
39.5908
39.5751
39.5696
39.5995
39.587
39.6005
39.6153
39.6086
39.5849
39.5759
39.5567
39.605
39.5873
39.6075
39.5685
39.5885
39.5833
39.5809
39.6021
39.5868
39.5813
39.5981
39.5953
39.55
39.5583
39.5702
39.5827
39.6256
39.6315
39.5928
39.5564
39.6134
39.5607
39.5747
39.5677
39.5689
39.5453
39.573
39.5788
39.5701
39.5554
39.6172
39.6018
39.5761
39.5931
39.6341
39.6202
39.5826
39.5921
39.6158
39.5665
39.578
39.6396
39.621
39.5787
39.5864
39.5544
39.5967
39.607
39.5907
39.6191
39.6398
39.5994
39.6041
39.5763
39.5351
39.5541
39.5535
39.5376
39.5761
39.5938
39.5675
39.572
39.5607
39.5668
39.5714
39.5942
39.5727
39.5809
39.5777
39.5759
39.5373
39.5639
39.5912
39.6132
39.6006
39.603
39.5897
39.5784
39.5789
39.5832
39.5993
39.5686
39.5525
39.5993
39.5769
39.5783
39.5821
39.5721
39.578
39.5667
39.5981
39.6307
39.5728
39.5968
39.6015
39.5637
39.5692
39.5998
39.5939
39.5669
39.5546
39.5536
39.5927
39.6043
39.5699
39.5924
39.6033
39.5857
39.5782
39.5821
39.5533
39.5909
39.5672
39.571
39.576
39.5859
39.6191
39.5656
39.6202
39.5906
39.5941
39.5817
39.5992
39.5863
39.6116
39.5579
39.5576
39.5712
39.569
39.5499
39.5882
39.5691
39.6029
39.5729
39.6079
39.5976
39.5706
39.6027
39.6367
39.543
39.5804
39.5334
39.5889
39.6052
39.5655
39.5473
39.6036
39.5545
39.5662
39.5841
39.6115
39.5521
39.5551
39.5756
39.555
39.553
39.5882
39.5908
39.5725
39.5811
39.5816
39.5884
39.5687
39.5598
39.6159
39.584
39.5664
39.5901
39.6007
39.5612
39.5492
39.5656
39.5989
39.5719
39.6115
39.5842
39.5586
39.5683
39.5826
39.5773
39.5758
39.5643
39.5888
39.5792
39.5605
39.579
39.5753
39.5743
39.5483
39.5631
39.5724
39.5709
39.5882
39.5886
39.5725
39.5829
39.5954
39.5461
39.5807
39.5657
39.5641
39.5632
39.5715
39.5483
39.5697
39.5665
39.5554
39.5678
39.6005
39.5559
39.5286
39.5258
39.5582
39.5912
39.5864
39.6003
39.5166
39.5833
39.582
39.6097
39.5706
39.5593
39.5728
39.5785
39.5876
39.5823
39.585
39.5952
39.5971
39.561
39.5792
39.595
39.5436
39.5639
39.5836
39.6431
39.6063
39.6052
39.56
39.5433
39.5889
39.566
39.5858
39.5587
39.5786
39.5659
39.5701
39.5509
39.5963
39.5699
39.5604
39.5879
39.5986
39.554
39.5312
39.5527
39.5669
39.5707
39.5554
39.5578
39.5641
39.6104
39.5769
39.548
39.584
39.5823
39.5509
39.542
39.5877
39.5911
39.5611
39.5853
39.5771
39.5558
39.6181
39.5566
39.575
39.5235
39.5999
39.5792
39.5499
39.6067
39.5628
39.5775
39.5643
39.5535
39.5359
39.5811
39.5814
39.5936
39.5738
39.5795
39.5923
39.5855
39.5692
39.5496
39.5534
39.5454
39.5421
39.5291
39.6136
39.5651
39.542
39.593
39.5711
39.5726
39.601
39.569
39.5744
39.5588
39.5691
39.546
39.5685
39.5583
39.5745
39.5785
39.5596
39.6014
39.5752
39.5524
39.5591
39.5995
39.5794
39.5957
39.586
39.5491
39.5771
39.5818
39.5664
39.5695
39.5697
39.5465
39.5524
39.5704
39.552
39.5852
39.5961
39.543
39.5653
39.5976
39.5652
39.5689
39.5621
39.5798
39.5681
39.5975
39.5986
39.5575
39.5513
39.5894
39.5438
39.5747
39.5601
39.523
39.59
39.5417
39.5419
39.5673
39.5718
39.5505
39.579
39.5516
39.5713
39.5633
39.5698
39.5502
39.5869
39.5756
39.587
39.6016
39.5596
39.5867
39.5819
39.5606
39.5358
39.5991
39.5362
39.5492
39.5764
39.5567
39.5955
39.5367
39.5515
39.596
39.5846
39.5583
39.5914
39.5704
39.5613
39.5773
39.5932
39.5824
39.5522
39.5548
39.5369
39.5824
39.5796
39.5661
39.5796
39.588
39.5585
39.5992
39.5525
39.5749
39.5759
39.5992
39.5678
39.5578
39.5855
39.5735
39.5356
39.5767
39.6007
39.5814
39.574
39.5792
39.5795
39.58
39.549
39.5505
39.5518
39.5537
39.5852
39.565
39.5827
39.5737
39.5512
39.5875
39.5294
39.5697
39.5384
39.5511
39.5657
39.5868
39.5738
39.5745
39.5694
39.5755
39.5518
39.5727
39.5849
39.5814
39.5673
39.5864
39.5555
39.5212
39.5966
39.5701
39.5459
39.544
39.5671
39.5385
39.5423
39.5613
39.5465
39.5759
39.5657
39.5761
39.5654
39.5617
39.539
39.5767
39.5729
39.5647
39.5833
39.5678
39.5401
39.5573
39.5756
39.5591
39.578
39.5506
39.5434
39.5533
39.5683
39.5403
39.5858
39.5531
39.5416
39.5416
39.5704
39.5527
39.549
39.5432
39.6059
39.5493
39.5969
39.5673
39.5682
39.5633
39.5996
39.5733
39.5333
39.5582
39.5677
39.5961
39.5949
39.5685
39.5549
39.5468
39.5652
39.5606
39.557
39.5621
39.5738
39.5805
39.5811
39.5436
39.6128
39.5434
39.5757
39.5302
39.5446
39.5991
39.5739
39.5756
39.5419
39.5481
39.5673
39.5627
39.5728
39.5457
39.5709
39.547
39.5599
39.5554
39.5387
39.543
39.5318
39.5473
39.5412
39.5929
39.6081
39.5502
39.5749
39.5586
39.5795
39.5622
39.5855
39.5701
39.5624
39.5451
39.5476
39.5291
39.5674
39.574
39.557
39.5719
39.5252
39.5962
39.5465
39.5466
39.5526
39.5568
39.5509
39.5481
39.5535
39.5652
39.5781
39.5741
39.5587
39.5398
39.5422
39.5629
39.574
39.5588
39.5577
39.5576
39.5745
39.5706
39.5635
39.5897
39.5509
39.5469
39.5444
39.5903
39.5697
39.5835
39.5847
39.5484
39.5766
39.5598
39.5821
39.5746
39.5529
39.5764
39.5497
39.5492
39.5682
39.5602
39.5725
39.5755
39.539
39.5775
39.5644
39.5761
39.5688
39.5642
39.5553
39.534
39.5746
39.5471
39.5724
39.5424
39.5815
39.5802
39.5593
39.5531
39.5522
39.5454
39.5444
39.5559
39.5572
39.5515
39.5601
39.5425
39.5375
39.5542
39.5485
39.553
39.5521
39.6191
39.5622
39.5511
39.5631
39.5371
39.5693
39.539
39.5706
39.5352
39.5389
39.5543
39.556
39.5805
39.5574
39.5737
39.5773
39.5556
39.5796
39.561
39.5435
39.5505
39.5519
39.5582
39.5554
39.5796
39.5574
39.5699
39.553
39.5454
39.5439
39.557
39.5672
39.5691
39.5342
39.5787
39.588
39.5524
39.581
39.558
39.539
39.5535
39.5585
39.5821
39.5574
39.5382
39.5361
39.5567
39.5396
39.5307
39.5886
39.5611
39.5775
39.5386
39.5536
39.5602
39.5578
39.5327
39.5392
39.5387
39.5493
39.5617
39.5443
39.5617
39.5541
39.5438
39.5604
39.5726
39.5396
39.536
39.5673
39.5532
39.5588
39.5765
39.5477
39.5775
39.5575
39.5407
39.5734
39.535
39.5363
39.5506
39.5676
39.5489
39.561
39.5594
39.5751
39.5654
39.5529
39.5561
39.5538
39.5489
39.5615
39.5635
39.5544
39.5267
39.5312
39.5724
39.5511
39.5493
39.5663
39.5621
39.5734
39.5426
39.5745
39.5686
39.5534
39.591
39.5453
39.553
39.5503
39.5567
39.5697
39.5624
39.547
39.5793
39.5377
39.5409
39.5587
39.5488
39.5631
39.5314
39.5622
39.5582
39.5379
39.5643
39.5558
39.5924
39.5467
39.5345
39.5585
39.5639
39.5504
39.5334
39.5749
39.5523
39.536
39.574
39.571
39.552
39.5614
39.5686
39.5345
39.5216
39.5737
39.5634
39.5423
39.554
39.561
39.5444
39.5463
39.5528
39.5633
39.5614
39.5704
39.5758
39.5452
39.5663
39.5493
39.5654
39.5525
39.5812
39.5527
39.5681
39.5529
39.5313
39.5424
39.5698
39.5448
39.5492
39.5413
39.5512
39.571
39.5579
39.5783
39.5783
39.5705
39.5726
39.5548
39.5435
39.5451
39.5536
39.5583
39.5385
39.566
39.5326
39.5712
39.5646
39.578
39.5466
39.565
39.5315
39.5651
39.552
39.5503
39.5796
39.561
39.5448
39.5502
39.5182
39.5402
39.5335
39.561
39.6
39.5717
39.5439
39.5754
39.5713
39.5769
39.5697
39.5779
39.5747
39.5514
39.5557
39.5452
39.5516
39.5435
39.5779
39.5493
39.5763
39.5304
39.5587
39.5762
39.5552
39.5491
39.5714
39.5536
39.5463
39.5571
39.5292
39.5567
39.5503
39.5649
39.5482
39.5604
39.5962
39.5702
39.5681
39.5666
39.5668
39.553
39.5605
39.5514
39.5456
39.5378
39.551
39.573
39.5342
39.5448
39.5596
39.5585
39.5649
39.5519
39.578
39.5622
39.5623
39.5748
39.5326
39.5427
39.5671
39.5391
39.5409
39.5491
39.5751
39.5572
39.5445
39.5337
39.5401
39.5301
39.5267
39.5469
39.5511
39.5497
39.556
39.5643
39.55
39.5626
39.5849
39.5714
39.5759
39.5399
39.5487
39.523
39.5584
39.5597
39.5615
39.5513
39.5459
39.5365
39.5674
39.5655
39.576
39.5833
39.562
39.5253
39.5467
39.5597
39.5449
39.5598
39.5581
39.5326
39.538
39.5711
39.5412
39.5544
39.5758
39.546
39.5411
39.5229
39.5326
39.5451
39.5648
39.5255
39.5037
39.5656
39.5643
39.5558
39.5689
39.5847
39.5465
39.5676
39.5459
39.5182
39.563
39.5511
39.5602
39.569
39.534
39.5429
39.5563
39.5417
39.5325
39.5818
39.5627
39.5764
39.5583
39.5855
39.5673
39.5368
39.551
39.5482
39.556
39.5491
39.5546
39.5428
39.5348
39.5417
39.5467
39.5517
39.5456
39.5558
39.5406
39.5465
39.5222
39.5508
39.5502
39.5496
39.5681
39.5265
39.5593
39.5375
39.5403
39.5538
39.5362
39.5648
39.5349
39.5586
39.5629
39.5549
39.5447
39.5494
39.5776
39.5636
39.5546
39.5825
39.5636
39.5259
39.5532
39.556
39.5605
39.5426
39.5335
39.5471
39.5274
39.54
39.5675
39.5632
39.5578
39.5276
39.5273
39.5267
39.5463
39.5586
39.5493
39.5619
39.5555
39.5561
39.5224
39.5485
39.5582
39.5559
39.5339
39.5588
39.5478
39.5378
39.5425
39.5387
39.5661
39.5545
39.5665
39.5399
39.5498
39.5546
39.5387
39.5469
39.546
39.558
39.5514
39.5645
39.5463
39.5788
39.5523
39.5668
39.5629
39.5518
39.5496
39.5449
39.5384
39.523
39.5638
39.5602
39.529
39.5409
39.5376
39.5392
39.549
39.5546
39.5119
39.5684
39.5648
39.563
39.5827
39.5474
39.546
39.5199
39.5417
39.549
39.5625
39.556
39.5544
39.5456
39.5583
39.5359
39.5227
39.5618
39.5604
39.5434
39.564
39.5575
39.5453
39.5352
39.5593
39.5356
39.539
39.5454
39.5488
39.574
39.5434
39.5488
39.5517
39.5519
39.5539
39.5488
39.5494
39.5557
39.5387
39.5669
39.5547
39.5502
39.5512
39.5426
39.5615
39.5396
39.554
39.5266
39.5521
39.5669
39.5239
39.5608
39.5564
39.5592
39.5618
39.5379
39.5287
39.5522
39.5364
39.563
39.5608
39.5343
39.5447
39.5746
39.5495
39.5432
39.5251
39.5485
39.5503
39.5491
39.5494
39.5512
39.5467
39.5566
39.5593
39.5184
39.5365
39.5426
39.5701
39.538
39.5353
39.5584
39.5448
39.5685
39.5512
39.5411
39.5494
39.5384
39.5479
39.556
39.5423
39.5541
39.5497
39.537
39.5275
39.5297
39.5195
39.5495
39.5373
39.5574
39.5659
39.5562
39.5246
39.5431
39.5518
39.5672
39.5238
39.5605
39.5392
39.5434
39.55
39.5475
39.5523
39.5222
39.5508
39.5588
39.5243
39.5536
39.5562
39.5464
39.5427
39.5561
39.5469
39.5528
39.5609
39.5337
39.5706
39.5222
39.5428
39.5381
39.5226
39.557
39.5269
39.5557
39.5518
39.5659
39.5605
39.5512
39.5391
39.5527
39.5228
39.5474
39.5537
39.559
39.518
39.5424
39.5253
39.5594
39.5742
39.527
39.5612
39.5491
39.5596
39.5267
39.5456
39.5515
39.5528
39.539
39.5562
39.5517
39.5423
39.5683
39.5721
39.5322
39.5484
39.5643
39.5299
39.5404
39.563
39.5402
39.5686
39.5287
39.5391
39.5416
39.5397
39.5373
39.5298
39.558
39.5527
39.5441
39.5622
39.5605
39.5473
39.5685
39.5411
39.5326
39.5435
39.5454
39.5454
39.5427
39.5686
39.5596
39.5593
39.5351
39.5347
39.565
39.5301
39.5879
39.5475
39.562
39.5545
39.5246
39.547
39.5409
39.5264
39.5604
39.5404
39.531
39.553
39.5725
39.5529
39.5167
39.5421
39.5321
39.5612
39.5622
39.5491
39.557
39.5492
39.5492
39.5523
39.5495
39.5484
39.5479
39.5441
39.5419
39.5462
39.5569
39.5216
39.5566
39.5314
39.5697
39.553
39.5325
39.5618
39.536
39.5548
39.5604
39.5558
39.5603
39.5456
39.5612
39.5441
39.5495
39.5631
39.5435
39.5506
39.5462
39.5477
39.5423
39.5286
39.5485
39.55
39.5583
39.5307
39.5576
39.5501
39.5506
39.5333
39.5452
39.5257
39.527
39.54
39.5568
39.5505
39.5555
39.5658
39.539
39.5399
39.5468
39.5397
39.5612
39.5497
39.5574
39.5252
39.5283
39.5562
39.5631
39.5526
39.5651
39.5405
39.5389
39.5484
39.5361
39.5239
39.5457
39.5539
39.5396
39.5426
39.5483
39.5452
39.5452
39.5428
39.5309
39.5502
39.5294
39.5478
39.5422
39.5428
39.5435
39.5408
39.5448
39.5258
39.5552
39.5242
39.5365
39.561
39.5289
39.5425
39.5702
39.557
39.5451
39.5561
39.5657
39.5483
39.5453
39.5477
39.5393
39.5447
39.5516
39.5557
39.5559
39.54
39.5664
39.5549
39.5432
39.5669
39.539
39.5575
39.5412
39.5513
39.5272
39.5757
39.554
39.5584
39.5259
39.5256
39.5441
39.5356
39.5198
39.5455
39.5493
39.5451
39.5355
39.5343
39.5598
39.5684
39.531
39.5431
39.5593
39.5428
39.551
39.5632
39.5386
39.57
39.5557
39.5518
39.5617
39.5489
39.5442
39.5697
39.5375
39.5292
39.5338
39.5444
39.5455
39.5186
39.5412
39.5477
39.5309
39.5404
39.5583
39.5435
39.5271
39.5338
39.5417
39.5552
39.5438
39.5374
39.5432
39.5214
39.5176
39.537
39.5534
39.563
39.5214
39.526
39.537
39.56
39.5747
39.5381
39.5556
39.569
39.5472
39.5443
39.55
39.5434
39.5532
39.5455
39.5598
39.5288
39.5424
39.5499
39.5419
39.525
39.5329
39.5612
39.531
39.5479
39.5632
39.5397
39.5374
39.5454
39.5281
39.5367
39.528
39.5335
39.551
39.5461
39.5582
39.5494
39.5379
39.5487
39.5451
39.5284
39.5453
39.557
39.5382
39.5539
39.5315
39.5543
39.5375
39.539
39.5486
39.5653
39.5503
39.5384
39.5338
39.5454
39.5475
39.5299
39.5257
39.5463
39.5433
39.5482
39.5567
39.5511
39.545
39.5473
39.5521
39.5409
39.545
39.546
39.5396
39.5505
39.5429
39.5387
39.5474
39.5277
39.5295
39.5727
39.5326
39.5562
39.5418
39.5354
39.5368
39.5379
39.5345
39.5635
39.5424
39.5439
39.5512
39.5286
39.5563
39.5572
39.5295
39.5423
39.5499
39.5307
39.5538
39.5495
39.5427
39.5278
39.531
39.5414
39.5318
39.5392
39.5524
39.558
39.549
39.5494
39.5613
39.5478
39.5362
39.5331
39.5294
39.5325
39.5456
39.5546
39.5507
39.5355
39.5662
39.527
39.5518
39.543
39.5316
39.5413
39.5346
39.5382
39.5418
39.5374
39.5336
39.5688
39.5337
39.53
39.5598
39.5551
39.5486
39.5545
39.5157
39.5318
39.5406
39.5479
39.5556
39.5477
39.5701
39.5596
39.5293
39.5525
39.5276
39.5559
39.5511
39.5444
39.5623
39.5378
39.5408
39.5577
39.5497
39.5261
39.556
39.5382
39.5514
39.5425
39.5391
39.5238
39.5547
39.5507
39.5426
39.5456
39.5674
39.5389
39.5229
39.5318
39.5541
39.5342
39.5233
39.54
39.5534
39.531
39.5519
39.5283
39.519
39.5497
39.5323
39.5433
39.5555
39.5342
39.5409
39.5573
39.5287
39.5596
39.551
39.5395
39.5447
39.5314
39.5365
39.5506
39.553
39.5277
39.5456
39.5254
39.5552
39.5503
39.5456
39.5524
39.5512
39.5446
39.5455
39.5597
39.5502
39.5691
39.5403
39.5467
39.5679
39.5316
39.5487
39.5632
39.5477
39.544
39.5555
39.5689
39.5589
39.5443
39.5564
39.5443
39.5411
39.5498
39.5494
39.5314
39.5353
39.535
39.5559
39.5245
39.5336
39.5627
39.5497
39.5306
39.5081
39.5639
39.5312
39.5367
39.554
39.5453
39.5522
39.5409
39.5368
39.5507
39.5363
39.5332
39.5632
39.5326
39.5527
39.5378
39.5561
39.5554
39.5375
39.5443
39.5256
39.5355
39.5401
39.558
39.5337
39.5377
39.5305
39.5402
39.5408
39.5651
39.5581
39.5338
39.5488
39.5377
39.5297
39.5381
39.5292
39.5354
39.5375
39.5602
39.5304
39.5458
39.5321
39.546
39.543
39.5412
39.545
39.5697
39.5221
39.5235
39.5462
39.5531
39.5378
39.5429
39.533
39.5414
39.5393
39.5413
39.5199
39.5391
39.5486
39.5416
39.5537
39.5634
39.5281
39.5513
39.5211
39.5552
39.5583
39.5381
39.5346
39.5511
39.5395
39.5618
39.5406
39.5332
39.5351
39.5375
39.5497
39.5517
39.5309
39.5369
39.5401
39.5687
39.5332
39.5232
39.541
39.56
39.5434
39.5413
39.5386
39.5512
39.5396
39.5499
39.5331
39.5407
39.5431
39.5412
39.5249
39.5433
39.5513
39.5496
39.5557
39.5446
39.5445
39.5634
39.5448
39.5439
39.5374
39.5325
39.5488
39.5434
39.5272
39.5376
39.5338
39.5409
39.5556
39.5301
39.5495
39.5428
39.5284
39.5317
39.5401
39.5632
39.5395
39.5277
39.5302
39.5582
39.5549
39.5517
39.5543
39.5458
39.5167
39.5221
39.5269
39.5337
39.5428
39.54
39.5398
39.5302
39.5484
39.5404
39.5448
39.5366
39.5645
39.5406
39.5557
39.5429
39.538
39.5488
39.5335
39.5303
39.5465
39.5556
39.5308
39.538
39.5395
39.5319
39.5294
39.544
39.5394
39.5448
39.5502
39.5571
39.5519
39.5286
39.5356
39.5282
39.5268
39.5442
39.5363
39.5352
39.5447
39.5507
39.5458
39.5451
39.5353
39.5373
39.535
39.5393
39.5395
39.5691
39.5405
39.5371
39.5454
39.5342
39.5273
39.5427
39.5569
39.5257
39.5575
39.5659
39.5394
39.5338
39.5546
39.5314
39.5406
39.5444
39.5274
39.5394
39.546
39.5482
39.5674
39.5382
39.5286
39.545
39.5531
39.5585
39.5357
39.5275
39.5396
39.5366
39.5467
39.5547
39.5334
39.53
39.538
39.5452
39.5306
39.5625
39.5357
39.5371
39.5397
39.5314
39.5401
39.5339
39.5445
39.5526
39.5505
39.5466
39.5487
39.5466
39.5471
39.555
39.5445
39.5332
39.5299
39.5403
39.5588
39.5465
39.5254
39.543
39.5492
39.5316
39.5333
39.5294
39.5242
39.5523
39.5347
39.5196
39.5117
39.5357
39.5303
39.5341
39.536
39.5365
39.5385
39.5421
39.5456
39.535
39.5405
39.5411
39.5298
39.5215
39.5542
39.552
39.5257
39.5305
39.535
39.5456
39.5312
39.5348
39.5529
39.538
39.549
39.5291
39.5304
39.5613
39.5367
39.5561
39.545
39.5413
39.5376
39.5215
39.543
39.5454
39.5165
39.5194
39.5339
39.5392
39.5313
39.5365
39.54
39.522
39.5488
39.5473
39.5304
39.5519
39.5353
39.5223
39.5564
39.5366
39.5482
39.5215
39.5227
39.5419
39.5388
39.5299
39.5502
39.5558
39.547
39.5555
39.5532
39.5399
39.5536
39.5414
39.5533
39.5383
39.5451
39.5469
39.5382
39.5273
39.5468
39.5275
39.5458
39.5473
39.5366
39.5259
39.5281
39.5238
39.5619
39.5347
39.5477
39.5376
39.5452
39.551
39.5315
39.5571
39.5333
39.5305
39.5319
39.5535
39.5432
39.5592
39.5383
39.5264
39.5466
39.5421
39.5292
39.5662
39.5273
39.5434
39.5322
39.5238
39.5296
39.5179
39.5487
39.5415
39.5605
39.5365
39.5634
39.5426
39.5455
39.5341
39.5358
39.5366
39.5413
39.5465
39.5427
39.5235
39.5411
39.5416
39.5263
39.5446
39.5227
39.5448
39.5317
39.5354
39.536
39.5288
39.5439
39.53
39.5407
39.5167
39.5793
39.5298
39.5334
39.5334
39.5312
39.5445
39.5308
39.5246
39.5365
39.5449
39.5351
39.5368
39.5408
39.5478
39.5318
39.5415
39.5544
39.5724
39.5461
39.5354
39.5474
39.5343
39.5336
39.5322
39.5444
39.5672
39.5329
39.5204
39.5291
39.5384
39.5418
39.5279
39.5499
39.5301
39.5345
39.5294
39.5406
39.5352
39.5426
39.5369
39.5334
39.5551
39.5218
39.5482
39.552
39.5351
39.5334
39.5262
39.535
39.5348
39.5262
39.5496
39.5182
39.5398
39.5421
39.5328
39.542
39.5358
39.5254
39.5608
39.5463
39.538
39.5291
39.5285
39.5291
39.5363
39.5457
39.5425
39.5383
39.5437
39.5563
39.5317
39.5423
39.5377
39.5608
39.5202
39.55
39.5368
39.541
39.5282
39.5194
39.5326
39.542
39.5533
39.5292
39.5585
39.5188
39.5429
39.5374
39.5323
39.5468
39.533
39.5482
39.5288
39.5374
39.5475
39.5338
39.5546
39.5346
39.5145
39.5288
39.5192
39.5427
39.5326
39.5334
39.5355
39.5461
39.5438
39.5406
39.5404
39.5322
39.5566
39.5263
39.5264
39.5188
39.5395
39.5255
39.5322
39.5565
39.5356
39.5247
39.5561
39.5306
39.5381
39.5241
39.5284
39.5349
39.552
39.5291
39.5326
39.5454
39.5421
39.5325
39.5385
39.5421
39.5376
39.5301
39.5314
39.52
39.5446
39.5471
39.5384
39.5398
39.5396
39.5298
39.5284
39.5474
39.522
39.5225
39.5289
39.5364
39.5449
39.5219
39.5388
39.5292
39.5445
39.5245
39.5548
39.5392
39.5263
39.5382
39.5522
39.5396
39.5294
39.56
39.5364
39.5334
39.5451
39.5323
39.5514
39.5277
39.5389
39.5491
39.547
39.546
39.535
39.5285
39.546
39.5527
39.54
39.5388
39.5324
39.5233
39.5351
39.5423
39.5303
39.55
39.5372
39.5473
39.5593
39.5431
39.5378
39.554
39.5468
39.5434
39.5408
39.5481
39.5292
39.5461
39.5505
39.5203
39.5362
39.5251
39.5282
39.5281
39.5347
39.5523
39.5389
39.5223
39.5426
39.5331
39.5334
39.537
39.5269
39.5596
39.5368
39.5361
39.5473
39.5227
39.527
39.5469
39.5513
39.5176
39.5252
39.5348
39.5548
39.5312
39.5252
39.54
39.5461
39.5459
39.5293
39.527
39.5416
39.5464
39.5353
39.5339
39.5294
39.5475
39.5412
39.5466
39.5438
39.5371
39.5278
39.5475
39.5435
39.5363
39.5556
39.5446
39.5229
39.5413
39.5339
39.5274
39.5344
39.5233
39.5442
39.5062
39.539
39.5356
39.5285
39.5238
39.5283
39.5545
39.5166
39.5345
39.5318
39.5338
39.5281
39.555
39.5185
39.5386
39.5302
39.5452
39.5314
39.5428
39.5315
39.5427
39.5408
39.5297
39.5379
39.5371
39.5477
39.5479
39.5255
39.5387
39.5457
39.5306
39.5416
39.5522
39.542
39.5353
39.5376
39.5353
39.5325
39.5495
39.5305
39.5125
39.5449
39.5361
39.5453
39.5272
39.5351
39.5167
39.5406
39.5314
39.5373
39.5414
39.5393
39.5463
39.5193
39.5166
39.5299
39.536
39.5592
39.524
39.5285
39.5319
39.548
39.5496
39.555
39.5479
39.5527
39.5291
39.5421
39.5271
39.5428
39.526
39.5422
39.5238
39.5272
39.5259
39.5102
39.543
39.5267
39.5375
39.5317
39.5372
39.5373
39.5354
39.5252
39.5442
39.5341
39.5419
39.5421
39.5181
39.531
39.54
39.546
39.5455
39.5481
39.5426
39.5561
39.5174
39.5377
39.5294
39.5421
39.5382
39.5522
39.5332
39.5473
39.5299
39.5402
39.5473
39.537
39.5348
39.5317
39.5285
39.5323
39.5302
39.5382
39.5273
39.524
39.5409
39.5438
39.5368
39.5319
39.5238
39.5285
39.5146
39.5295
39.5401
39.5217
39.5439
39.5336
39.5488
39.5519
39.5367
39.5396
39.5497
39.5509
39.5419
39.5353
39.5354
39.5489
39.5123
39.527
39.5477
39.549
39.5374
39.5279
39.5304
39.5554
39.5407
39.5428
39.5417
39.5416
39.5378
39.5539
39.5302
39.5485
39.5271
39.5357
39.5448
39.5215
39.5496
39.5466
39.5451
39.5345
39.5325
39.5333
39.5248
39.5403
39.5203
39.5438
39.5349
39.5144
39.5423
39.5257
39.5327
39.5344
39.5286
39.5344
39.5386
39.5409
39.5244
39.5328
39.5254
39.5369
39.5337
39.5191
39.5572
39.5266
39.5445
39.5283
39.5526
39.5355
39.5196
39.5352
39.5399
39.538
39.5344
39.5277
39.5297
39.5459
39.5292
39.5478
39.5289
39.5193
39.5321
39.5473
39.5383
39.5333
39.5234
39.5296
39.5388
39.5327
39.5378
39.5348
39.5191
39.546
39.5516
39.5412
39.5421
39.5368
39.5472
39.5368
39.54
39.5234
39.5273
39.5359
39.5446
39.5405
39.5213
39.5241
39.5176
39.549
39.5472
39.5375
39.5274
39.5249
39.5403
39.5424
39.545
39.5461
39.5405
39.5151
39.5248
39.5376
39.5299
39.5479
39.5161
39.5538
39.5269
39.5297
39.5421
39.5433
39.5324
39.5234
39.5263
39.5351
39.5394
39.5328
39.5345
39.5378
39.5307
39.5455
39.5244
39.5359
39.5178
39.5313
39.5306
39.5251
39.533
39.542
39.5286
39.5439
39.532
39.5298
39.5274
39.5461
39.5348
39.5121
39.5326
39.543
39.5368
39.5329
39.5308
39.5489
39.5382
39.5263
39.5344
39.5317
39.5319
39.5297
39.5399
39.5225
39.536
39.548
39.5414
39.535
39.5222
39.5258
39.534
39.5322
39.5299
39.5433
39.5286
39.5308
39.5339
39.5307
39.5291
39.5338
39.5392
39.5281
39.5333
39.5276
39.5172
39.5368
39.5393
39.5324
39.5474
39.5226
39.5321
39.5372
39.5467
39.5426
39.5454
39.5445
39.5371
39.5322
39.5263
39.5431
39.5355
39.5427
39.5447
39.5372
39.525
39.5369
39.5301
39.5358
39.5363
39.5285
39.5306
39.5217
39.5236
39.535
39.5377
39.5531
39.5177
39.5367
39.5417
39.5482
39.5309
39.5397
39.5377
39.5426
39.5395
39.5316
39.5186
39.5101
39.5297
39.5233
39.5359
39.5309
39.5445
39.5287
39.525
39.5404
39.5334
39.5479
39.5167
39.5313
39.5533
39.5403
39.5382
39.5315
39.5203
39.543
39.5453
39.5378
39.5413
39.5271
39.5288
39.5419
39.5284
39.5431
39.5267
39.5293
39.5558
39.5264
39.5452
39.5255
39.5406
39.5366
39.5389
39.5354
39.5324
39.5293
39.5416
39.5429
39.5302
39.5572
39.552
39.5275
39.5255
39.5358
39.5447
39.5404
39.5275
39.5312
39.5353
39.5387
39.5237
39.5312
39.5394
39.5202
39.55
39.5161
39.5167
39.5376
39.5363
39.5506
39.5535
39.5361
39.5344
39.5503
39.5326
39.5326
39.5399
39.5277
39.537
39.5434
39.5513
39.541
39.5289
39.5388
39.5322
39.5326
39.5349
39.5384
39.5412
39.5364
39.5405
39.5252
39.5391
39.5394
39.5386
39.5328
39.5176
39.5234
39.5352
39.5324
39.5223
39.5342
39.543
39.5385
39.5393
39.541
39.5321
39.5271
39.5294
39.5256
39.531
39.5252
39.5519
39.5441
39.5418
39.5495
39.5357
39.5311
39.541
39.534
39.5344
39.5466
39.5298
39.5405
39.5368
39.5443
39.5279
39.5335
39.5497
39.5314
39.544
39.5267
39.5452
39.5391
39.5547
39.5457
39.534
39.5401
39.5314
39.5369
39.5335
39.5352
39.5331
39.5214
39.5388
39.5416
39.5212
39.5426
39.527
39.5196
39.5367
39.5329
39.5453
39.5446
39.5226
39.5488
39.5344
39.5354
39.5335
39.5345
39.544
39.5263
39.5348
39.5284
39.5432
39.5445
39.5409
39.5378
39.5257
39.5379
39.5314
39.5438
39.5393
39.5257
39.5458
39.5529
39.5352
39.5251
39.5229
39.5349
39.5277
39.5356
39.5264
39.5455
39.5368
39.5253
39.5334
39.5538
39.5576
39.5244
39.5545
39.5162
39.5395
39.5346
39.519
39.5389
39.5251
39.5288
39.515
39.5289
39.5493
39.5226
39.5194
39.5205
39.5473
39.5392
39.5196
39.5358
39.5318
39.5239
39.5339
39.5345
39.5251
39.5305
39.5382
39.5232
39.5429
39.5359
39.5426
39.5311
39.5244
39.5266
39.522
39.5229
39.52
39.5312
39.5312
39.5344
39.5443
39.5299
39.5337
39.5344
39.5364
39.5425
39.5315
39.5369
39.5346
39.5363
39.533
39.5254
39.5287
39.5491
39.508
39.53
39.5186
39.5382
39.5364
39.5282
39.5434
39.5405
39.5249
39.5241
39.5326
39.5308
39.5279
39.5434
39.5184
39.542
39.5308
39.5323
39.5542
39.5446
39.5308
39.5236
39.55
39.5364
39.5162
39.539
39.534
39.5401
39.5247
39.5361
39.5244
39.5207
39.5361
39.5189
39.5334
39.5367
39.5377
39.5262
39.5448
39.5328
39.5374
39.5352
39.5333
39.5352
39.5494
39.5417
39.5135
39.5512
39.5254
39.5259
39.5253
39.5357
39.5412
39.5331
39.5301
39.5301
39.5202
39.5366
39.5385
39.5409
39.5214
39.5303
39.5279
39.539
39.5617
39.5526
39.5406
39.5368
39.5346
39.5516
39.5323
39.5289
39.5332
39.5384
39.5307
39.5387
39.5412
39.5329
39.5334
39.5422
39.5346
39.5362
39.5369
39.5484
39.5295
39.5289
39.527
39.5372
39.5335
39.5414
39.5387
39.5358
39.5426
39.5412
39.5409
39.5356
39.5336
39.5657
39.5355
39.5372
39.5334
39.5438
39.5396
39.5391
39.5219
39.5362
39.5284
39.5296
39.5181
39.536
39.5253
39.5166
39.5462
39.5351
39.5408
39.5392
39.5264
39.5298
39.5483
39.5421
39.5311
39.527
39.5467
39.5528
39.5331
39.5495
39.5374
39.5529
39.547
39.5309
39.5438
39.5381
39.529
39.5327
39.5323
39.5108
39.5384
39.5403
39.5224
39.5296
39.5409
39.5321
39.5312
39.5423
39.5195
39.5272
39.5249
39.5283
39.5268
39.5291
39.5512
39.5404
39.5288
39.5406
39.5538
39.5324
39.5421
39.5252
39.5397
39.5409
39.5475
39.5425
39.5313
39.5297
39.5374
39.5505
39.5305
39.5478
39.5348
39.5361
39.5383
39.5306
39.5371
39.5401
39.531
39.5276
39.5278
39.5417
39.5286
39.5426
39.5289
39.5412
39.5345
39.5192
39.54
39.5394
39.5262
39.5312
39.5115
39.5375
39.5308
39.5331
39.524
39.5328
39.5478
39.525
39.5268
39.5327
39.5281
39.5376
39.5243
39.5288
39.5348
39.5337
39.5292
39.5344
39.5284
39.5378
39.5382
39.5323
39.5231
39.5349
39.527
39.532
39.5296
39.5429
39.534
39.5331
39.5356
39.5363
39.551
39.5303
39.5258
39.5311
39.5188
39.5394
39.5368
39.5329
39.5279
39.5235
39.536
39.5249
39.5282
39.5369
39.5379
39.5303
39.5449
39.5359
39.5388
39.5362
39.5237
39.5282
39.5442
39.5369
39.5417
39.5382
39.5447
39.5242
39.5237
39.5417
39.5414
39.515
39.5255
39.5282
39.5391
39.5332
39.5244
39.5322
39.5519
39.5346
39.5344
39.5297
39.5535
39.5209
39.5401
39.5439
39.5313
39.5334
39.5486
39.5376
39.5208
39.5401
39.5405
39.5271
39.5341
39.5321
39.5551
39.5368
39.5281
39.5368
39.5358
39.5396
39.5325
39.5373
39.528
39.532
39.5262
39.5213
39.5569
39.5283
39.5288
39.5443
39.535
39.5247
39.5188
39.5229
39.5354
39.537
39.5206
39.5281
39.5186
39.5245
39.5246
39.5218
39.5404
39.5296
39.5335
39.5303
39.5288
39.5268
39.5383
39.5153
39.5358
39.5407
39.5467
39.5296
39.5466
39.5454
39.5402
39.5277
39.5419
39.5397
39.5509
39.5435
39.5246
39.5376
39.5336
39.5233
39.5328
39.5425
39.5219
39.5452
39.5275
39.5248
39.5164
39.5247
39.5541
39.5317
39.5292
39.5329
39.5379
39.525
39.535
39.5312
39.5248
39.5313
39.5347
39.529
39.5293
39.5315
39.5441
39.5414
39.5319
39.527
39.5449
39.5418
39.5283
39.5447
39.5197
39.5362
39.5324
39.5437
39.5336
39.5446
39.5413
39.5419
39.5507
39.5125
39.5362
39.5336
39.5244
39.5308
39.5331
39.5265
39.5233
39.5312
39.5346
39.5383
39.5299
39.537
39.5259
39.5272
39.5354
39.5323
39.541
39.5326
39.5304
39.5381
39.5466
39.5317
39.5214
39.5216
39.5255
39.5193
39.5301
39.5369
39.5276
39.5493
39.5309
39.5313
39.5414
39.5439
39.5331
39.5309
39.5209
39.5233
39.53
39.5238
39.5444
39.5421
39.5325
39.5329
39.5331
39.5353
39.5312
39.5356
39.5336
39.5327
39.5242
39.5328
39.5299
39.5158
39.5306
39.5365
39.519
39.5349
39.5218
39.5245
39.5369
39.533
39.5367
39.5229
39.5236
39.5255
39.5345
39.542
39.5221
39.5255
39.5237
39.5239
39.53
39.5585
39.5161
39.5351
39.5435
39.5393
39.5311
39.5261
39.5308
39.5199
39.5558
39.5265
39.5457
39.5248
39.5381
39.5424
39.5266
39.5564
39.5363
39.5438
39.5208
39.5388
39.53
39.5378
39.5305
39.5159
39.5316
39.5279
39.5367
39.5192
39.5303
39.5279
39.5346
39.5338
39.5301
39.5143
39.5288
39.5286
39.5441
39.525
39.52
39.5383
39.535
39.535
39.5385
39.525
39.5337
39.5571
39.5249
39.5185
39.5308
39.5252
39.5406
39.5091
39.5258
39.5303
39.532
39.5324
39.5214
39.5255
39.5185
39.5173
39.5202
39.5469
39.5402
39.5295
39.5264
39.5297
39.5358
39.5219
39.5484
39.5243
39.5168
39.5317
39.5395
39.5369
39.5239
39.5353
39.5242
39.541
39.5323
39.5388
39.5367
39.5302
39.5214
39.5317
39.5166
39.5347
39.5321
39.5184
39.5299
39.517
39.5324
39.5288
39.5233
39.5229
39.5326
39.5264
39.5269
39.5277
39.5213
39.5374
39.5345
39.5335
39.521
39.5198
39.5331
39.535
39.5386
39.5325
39.5188
39.5362
39.5312
39.5139
39.5489
39.5311
39.5345
39.5387
39.5257
39.5339
39.5218
39.5292
39.5217
39.5297
39.5256
39.5223
39.546
39.5321
39.5342
39.5406
39.527
39.5213
39.5467
39.5346
39.5291
39.5399
39.5333
39.5361
39.5261
39.539
39.5585
39.5232
39.528
39.5467
39.5279
39.5333
39.5206
39.516
39.5303
39.5308
39.5166
39.5428
39.5317
39.5369
39.5263
39.5192
39.5358
39.5371
39.5228
39.524
39.5334
39.5318
39.5271
39.5249
39.5379
39.5359
39.5349
39.5253
39.518
39.5378
39.5159
39.5256
39.5403
39.5336
39.5139
39.5425
39.5436
39.5296
39.5329
39.5272
39.5341
39.5321
39.5659
39.5315
39.5502
39.5241
39.5384
39.5153
39.5342
39.5354
39.5327
39.5356
39.5345
39.5462
39.532
39.5409
39.5224
39.5355
39.5381
39.5181
39.5357
39.539
39.5254
39.5545
39.5357
39.5473
39.5245
39.5474
39.537
39.5281
39.5252
39.5284
39.5283
39.5219
39.5278
39.5348
39.5412
39.5301
39.5267
39.5427
39.5244
39.5255
39.5351
39.5367
39.5299
39.5587
39.5258
39.5285
39.529
39.5254
39.5262
39.5434
39.5185
39.5263
39.5539
39.5337
39.5239
39.5365
39.5294
39.5176
39.525
39.5364
39.529
39.53
39.5364
39.5314
39.5338
39.5267
39.5255
39.5476
39.5408
39.5235
39.5381
39.5449
39.5282
39.5285
39.532
39.5343
39.5515
39.5492
39.5418
39.5471
39.5459
39.5276
39.5369
39.548
39.5291
39.5321
39.5216
39.5289
39.5324
39.5427
39.5189
39.5281
39.5405
39.5308
39.5226
39.5338
39.5179
39.5249
39.5262
39.5298
39.5203
39.547
39.5419
39.5284
39.5329
39.5244
39.5285
39.5314
39.5187
39.533
39.5286
39.5275
39.5352
39.5347
39.5235
39.5333
39.5159
39.5274
39.5186
39.5196
39.5254
39.5137
39.5322
39.5235
39.537
39.5383
39.5427
39.5464
39.5257
39.5177
39.5329
39.5334
39.5265
39.5178
39.5289
39.5353
39.5281
39.5361
39.5256
39.5244
39.534
39.5195
39.5313
39.5235
39.536
39.5264
39.5246
39.5493
39.5322
39.5325
39.5409
39.5299
39.5302
39.5423
39.5239
39.5224
39.5379
39.532
39.5266
39.5255
39.5262
39.5335
39.5272
39.524
39.5212
39.5265
39.5309
39.5224
39.5161
39.5456
39.5392
39.5229
39.5392
39.5388
39.5471
39.5362
39.525
39.5299
39.5327
39.5331
39.5382
39.535
39.5287
39.541
39.5302
39.5265
39.5319
39.5356
39.5507
39.5256
39.5289
39.526
39.5268
39.522
39.5302
39.5457
39.5364
39.5384
39.5352
39.5283
39.5334
39.5297
39.5332
39.5319
39.5264
39.5438
39.5134
39.5277
39.5264
39.5216
39.5203
39.5469
39.5449
39.5326
39.5463
39.5362
39.5326
39.526
39.5376
39.5365
39.5249
39.5188
39.5357
39.5289
39.5254
39.5151
39.5332
39.5262
39.5256
39.5282
39.533
39.5315
39.5369
39.5384
39.5488
39.5266
39.5313
39.5221
39.5374
39.5282
39.5312
39.5276
39.5288
39.5267
39.5243
39.5348
39.5268
39.5335
39.5198
39.5449
39.5225
39.5346
39.5385
39.5214
39.535
39.531
39.5336
39.5362
39.5381
39.5322
39.5341
39.5293
39.5216
39.5304
39.5191
39.5201
39.5434
39.5339
39.5325
39.5371
39.5295
39.5371
39.5312
39.5342
39.5358
39.5272
39.5182
39.5466
39.53
39.5513
39.5353
39.5274
39.5336
39.532
39.5461
39.5381
39.5179
39.5325
39.524
39.5315
39.5405
39.5291
39.5317
39.5266
39.5311
39.5367
39.5351
39.5334
39.5412
39.5219
39.5312
39.5306
39.5291
39.53
39.5293
39.5355
39.5362
39.5328
39.5202
39.5293
39.5349
39.5211
39.5292
39.5392
39.5246
39.5325
39.5257
39.5216
39.5183
39.534
39.5289
39.5271
39.5353
39.5273
39.5232
39.5388
39.5381
39.5343
39.53
39.5338
39.526
39.5369
39.5204
39.5348
39.5372
39.5246
39.5257
39.5361
39.5212
39.5504
39.5317
39.5428
39.5211
39.5504
39.5232
39.5424
39.5286
39.5251
39.5473
39.5283
39.5369
39.5126
39.5199
39.5516
39.5304
39.5373
39.5309
39.527
39.5352
39.5371
39.5304
39.5555
39.5358
39.5384
39.534
39.5299
39.5223
39.5457
39.5449
39.5341
39.5384
39.5238
39.5318
39.54
39.5257
39.5415
39.5448
39.5365
39.5274
39.5308
39.5368
39.5342
39.5396
39.5274
39.5288
39.5316
39.5299
39.5275
39.5197
39.5164
39.5329
39.5389
39.5169
39.5281
39.5431
39.5183
39.5407
39.5235
39.5317
39.5306
39.5359
39.5346
39.5158
39.5242
39.5378
39.5295
39.5243
39.5375
39.545
39.5243
39.5283
39.5278
39.5258
39.5436
39.527
39.5243
39.5247
39.5377
39.5463
39.5246
39.5472
39.5216
39.5373
39.5177
39.5239
39.5397
39.535
39.5215
39.5329
39.5266
39.5323
39.5233
39.5354
39.5344
39.5394
39.5344
39.534
39.5173
39.5272
39.5231
39.5299
39.5317
39.5268
39.5245
39.5289
39.5284
39.5304
39.5429
39.5108
39.5237
39.5339
39.5265
39.5346
39.544
39.528
39.5362
39.5543
39.5289
39.533
39.5271
39.535
39.5201
39.5204
39.5281
39.5286
39.5376
39.5356
39.5469
39.5207
39.5369
39.5237
39.5323
39.5429
39.5446
39.5279
39.5233
39.5104
39.5262
39.5202
39.5265
39.5307
39.5217
39.5166
39.5331
39.5291
39.5329
39.5424
39.5276
39.548
39.5484
39.537
39.5331
39.5202
39.5385
39.5412
39.5284
39.516
39.5495
39.5309
39.5192
39.5244
39.5234
39.5284
39.5332
39.5355
39.5371
39.5315
39.5433
39.5359
39.5286
39.5233
39.5347
39.5372
39.5241
39.5348
39.5365
39.5365
39.5231
39.5214
39.5288
39.5339
39.5264
39.5381
39.5307
39.5271
39.5319
39.5463
39.5352
39.5355
39.5414
39.5337
39.529
39.5288
39.5222
39.5312
39.5323
39.5276
39.5427
39.5264
39.5507
39.5312
39.5452
39.5318
39.5315
39.5294
39.5461
39.5255
39.5305
39.5233
39.531
39.5342
39.5257
39.5301
39.5473
39.5169
39.5192
39.5198
39.5175
39.5299
39.5281
39.5246
39.5303
39.5393
39.5295
39.5337
39.5246
39.5221
39.5289
39.5334
39.527
39.5365
39.5324
39.5237
39.5312
39.5344
39.5455
39.5307
39.5292
39.5432
39.5281
39.5345
39.5287
39.5244
39.5163
39.5421
39.5324
39.5312
39.5182
39.5258
39.5386
39.54
39.5387
39.5263
39.5278
39.5336
39.5404
39.5259
39.5304
39.5212
39.5286
39.5452
39.5344
39.5252
39.529
39.5255
39.5269
39.5363
39.5272
39.534
39.5243
39.5284
39.5316
39.5318
39.5204
39.5375
39.5371
39.5344
39.5224
39.5403
39.5288
39.5318
39.5355
39.5449
39.5156
39.5258
39.5238
39.5346
39.5329
39.5374
39.5356
39.5346
39.5398
39.5227
39.5396
39.5235
39.5234
39.5249
39.5362
39.5382
39.5391
39.5362
39.5294
39.5347
39.5258
39.5396
39.5223
39.5271
39.5235
39.532
39.5314
39.5206
39.5242
39.5411
39.5327
39.5155
39.551
39.519
39.5263
39.528
39.5297
39.5324
39.5304
39.5262
39.5482
39.5355
39.527
39.5291
39.5267
39.5367
39.5334
39.5427
39.5415
39.5211
39.5329
39.5502
39.523
39.5347
39.5279
39.5402
39.5443
39.5339
39.5248
39.5433
39.5381
39.5332
39.5348
39.5354
39.544
39.5149
39.5363
39.5255
39.5289
39.5324
39.5327
39.5257
39.5169
39.5246
39.5357
39.5292
39.5316
39.5271
39.5442
39.5239
39.5344
39.5333
39.5235
39.537
39.5449
39.5304
39.5328
39.5362
39.5249
39.5366
39.5405
39.5296
39.5321
39.5247
39.5235
39.5303
39.5358
39.5336
39.5275
39.5274
39.511
39.5332
39.524
39.5419
39.5256
39.5251
39.5303
39.5205
39.5255
39.5433
39.5391
39.5267
39.5191
39.5173
39.5302
39.5362
39.5277
39.5301
39.5278
39.5346
39.5399
39.5304
39.5183
39.5224
39.5307
39.5282
39.5174
39.5259
39.5158
39.5371
39.5237
39.531
39.533
39.537
39.5422
39.5317
39.5323
39.5362
39.5219
39.5182
39.5231
39.52
39.5415
39.5425
39.5262
39.5309
39.5211
39.5524
39.5333
39.5405
39.5238
39.5241
39.5297
39.5142
39.527
39.5268
39.5228
39.5495
39.5241
39.5317
39.5215
39.5211
39.5325
39.533
39.5244
39.5158
39.5441
39.5223
39.5106
39.5203
39.5354
39.5448
39.5278
39.527
39.531
39.5222
39.528
39.542
39.5309
39.5439
39.5236
39.5294
39.525
39.5243
39.5236
39.5397
39.5322
39.5297
39.5359
39.5129
39.5225
39.5279
39.5369
39.5413
39.5309
39.5285
39.539
39.5339
39.534
39.5342
39.5338
39.5324
39.5304
39.5292
39.526
39.535
39.5392
39.5318
39.5391
39.5243
39.5231
39.5338
39.529
39.5283
39.5236
39.5309
39.5314
39.5109
39.5341
39.5295
39.5357
39.534
39.5353
39.5188
39.5296
39.5367
39.5403
39.5437
39.5347
39.5304
39.5237
39.5404
39.5455
39.524
39.5378
39.5341
39.5354
39.5297
39.5409
39.5337
39.5334
39.5391
39.5111
39.5377
39.5224
39.5354
39.5282
39.5281
39.5285
39.5312
39.5293
39.5346
39.5282
39.5206
39.5277
39.5278
39.5294
39.5354
39.5377
39.5287
39.5264
39.517
39.5346
39.5186
39.5222
39.5342
39.5382
39.5399
39.5254
39.5306
39.5357
39.5278
39.5224
39.5327
39.5234
39.5225
39.5317
39.5365
39.5228
39.537
39.5284
39.5265
39.5296
39.5356
39.5328
39.5323
39.5189
39.5423
39.5267
39.535
39.5355
39.5221
39.5391
39.5262
39.5173
39.5307
39.5271
39.5323
39.5339
39.5296
39.5316
39.532
39.5191
39.5247
39.5212
39.5442
39.5449
39.539
39.5274
39.5289
39.5271
39.5339
39.5286
39.5465
39.5259
39.5266
39.5254
39.5408
39.5446
39.5289
39.5432
39.5294
39.5306
39.5211
39.5358
39.5282
39.5191
39.5247
39.5172
39.5236
39.5276
39.5258
39.534
39.5329
39.532
39.5326
39.5267
39.5133
39.5274
39.5193
39.5159
39.5176
39.5336
39.528
39.5333
39.5322
39.5259
39.5393
39.5302
39.5393
39.5326
39.547
39.5292
39.529
39.5301
39.5258
39.5342
39.5344
39.5419
39.5328
39.5485
39.5327
39.53
39.5335
39.5314
39.5337
39.5169
39.5271
39.5435
39.5308
39.5161
39.5335
39.5228
39.5262
39.5247
39.5347
39.5414
39.5033
39.5323
39.5157
39.5284
39.5233
39.5336
39.5272
39.5367
39.5274
39.5316
39.5354
39.5357
39.5243
39.5317
39.5509
39.5307
39.526
39.5378
39.5237
39.5339
39.5374
39.5167
39.5242
39.5406
39.5187
39.5264
39.5278
39.536
39.521
39.5337
39.5296
39.5328
39.5342
39.5269
39.519
39.5296
39.5264
39.5206
39.5124
39.527
39.5357
39.5385
39.5249
39.5345
39.5332
39.533
39.5335
39.5333
39.535
39.5304
39.5344
39.5226
39.5374
39.5332
39.5379
39.5268
39.5297
39.515
39.5393
39.521
39.538
39.5296
39.53
39.5256
39.5299
39.5241
39.5201
39.5317
39.5239
39.5274
39.5513
39.5268
39.5246
39.5408
39.5163
39.5367
39.5285
39.5336
39.527
39.5285
39.5174
39.5216
39.5459
39.551
39.5349
39.5159
39.532
39.5384
39.5369
39.5325
39.5307
39.5361
39.5312
39.5197
39.5414
39.534
39.5251
39.5364
39.5306
39.5389
39.5214
39.5322
39.5225
39.5361
39.5427
39.5214
39.5171
39.5324
39.5146
39.5145
39.524
39.5194
39.5201
39.5295
39.5409
39.5375
39.5347
39.5248
39.5433
39.5277
39.5347
39.5351
39.533
39.5227
39.5371
39.5206
39.5291
39.5348
39.5418
39.5361
39.5295
39.5325
39.5373
39.5252
39.5412
39.5359
39.5295
39.5204
39.5271
39.5354
39.5229
39.5243
39.5308
39.5262
39.523
39.5229
39.5265
39.5359
39.5301
39.5424
39.5194
39.525
39.5281
39.5309
39.5256
39.5245
39.5288
39.5262
39.5331
39.5252
39.5242
39.5222
39.5376
39.5327
39.5302
39.5344
39.5328
39.5168
39.5309
39.5198
39.5279
39.5394
39.5216
39.5186
39.5316
39.5261
39.5356
39.519
39.5429
39.5173
39.5313
39.5308
39.5244
39.5399
39.544
39.5334
39.5355
39.5393
39.5274
39.5257
39.5282
39.5307
39.5162
39.5134
39.5349
39.5282
39.5253
39.5165
39.5222
39.5421
39.5209
39.5317
39.5286
39.5321
39.5461
39.5323
39.5161
39.5311
39.5269
39.521
39.5281
39.5244
39.5251
39.5246
39.526
39.5326
39.5471
39.5317
39.5192
39.5222
39.5263
39.5222
39.5281
39.5322
39.5327
39.5257
39.5268
39.5191
39.5277
39.5374
39.5175
39.5214
39.5238
39.5362
39.5297
39.5172
39.518
39.5261
39.5278
39.5391
39.5237
39.5336
39.5399
39.5386
39.5351
39.5397
39.5248
39.5307
39.5432
39.5319
39.5244
39.5426
39.5318
39.5186
39.5329
39.5375
39.5198
39.5314
39.5268
39.5093
39.5412
39.5308
39.5284
39.5245
39.5221
39.5304
39.5148
39.522
39.5271
39.5253
39.5197
39.5269
39.5322
39.5249
39.518
39.5243
39.5259
39.5341
39.5446
39.5415
39.522
39.5229
39.5356
39.5398
39.5382
39.5257
39.5307
39.5346
39.5286
39.5228
39.54
39.5336
39.5197
39.5204
39.5234
39.5393
39.5183
39.5328
39.5247
39.5279
39.5264
39.5227
39.5399
39.5279
39.529
39.5282
39.525
39.531
39.5271
39.5357
39.5199
39.5334
39.5228
39.5385
39.5408
39.5382
39.5312
39.5415
39.5348
39.5274
39.5267
39.5297
39.5311
39.5382
39.528
39.5419
39.5304
39.5298
39.531
39.5261
39.525
39.5275
39.5382
39.5316
39.5311
39.5317
39.5182
39.5254
39.5245
39.5296
39.5294
39.5409
39.5274
39.5398
39.5205
39.5319
39.5163
39.5294
39.5271
39.5349
39.5409
39.5361
39.5165
39.5413
39.5328
39.5301
39.5234
39.5209
39.5276
39.5168
39.5344
39.5333
39.5547
39.5189
39.5162
39.5299
39.5225
39.5358
39.5287
39.5215
39.5337
39.5187
39.5183
39.5429
39.5266
39.5159
39.5273
39.5309
39.5344
39.5315
39.5194
39.5314
39.5362
39.5279
39.5208
39.5401
39.5326
39.5366
39.5375
39.5263
39.522
39.5446
39.5244
39.521
39.5288
39.5175
39.5323
39.5228
39.5279
39.5187
39.5346
39.538
39.5376
39.5326
39.5251
39.5236
39.5324
39.5237
39.5208
39.5299
39.5267
39.5383
39.5235
39.5269
39.5322
39.5291
39.5391
39.5164
39.5317
39.5201
39.5331
39.5279
39.5391
39.5233
39.5237
39.5316
39.5256
39.5362
39.5199
39.5295
39.5381
39.5331
39.5292
39.5454
39.5248
39.5173
39.5262
39.542
39.5193
39.5284
39.5206
39.54
39.545
39.5263
39.518
39.539
39.5357
39.523
39.5329
39.5362
39.5285
39.5432
39.5336
39.519
39.5241
39.5193
39.533
39.5236
39.5264
39.5262
39.5423
39.5247
39.5361
39.5215
39.5186
39.5327
39.5331
39.5529
39.5278
39.5255
39.5163
39.5289
39.5277
39.5239
39.541
39.5203
39.5233
39.543
39.5356
39.5317
39.5363
39.5237
39.5317
39.5254
39.5297
39.5291
39.5313
39.5373
39.5156
39.5381
39.534
39.5281
39.5186
39.5311
39.5188
39.5312
39.5207
39.5238
39.5238
39.5207
39.5423
39.5173
39.5256
39.5401
39.5316
39.5429
39.5286
39.5378
39.532
39.5318
39.528
39.5258
39.5357
39.526
39.5374
39.5291
39.5318
39.5241
39.5231
39.5292
39.5411
39.5202
39.5321
39.5381
39.5328
39.5358
39.5188
39.5314
39.5154
39.5347
39.5269
39.5238
39.5257
39.5256
39.5297
39.5268
39.5346
39.5276
39.5218
39.5263
39.5244
39.5289
39.5234
39.5393
39.5223
39.5306
39.51
39.5329
39.5315
39.5153
39.543
39.5322
39.5266
39.5216
39.5232
39.5264
39.5257
39.5147
39.5321
39.538
39.5439
39.5401
39.524
39.5338
39.5322
39.5349
39.5267
39.5243
39.5245
39.5382
39.5339
39.5299
39.5149
39.5298
39.539
39.5271
39.5278
39.5334
39.5244
39.5279
39.5289
39.5257
39.5285
39.5308
39.5398
39.5266
39.5256
39.5263
39.5253
39.5209
39.5262
39.5257
39.5193
39.5367
39.5342
39.519
39.5333
39.5373
39.52
39.5364
39.5332
39.5275
39.5313
39.5324
39.527
39.5308
39.5278
39.5374
39.534
39.5337
39.5233
39.533
39.5173
39.5413
39.5339
39.5186
39.5369
39.529
39.5248
39.5366
39.53
39.53
39.5236
39.5392
39.5254
39.5475
39.5291
39.518
39.5263
39.5335
39.5334
39.5349
39.5332
39.5301
39.5314
39.5342
39.5268
39.5264
39.5445
39.5211
39.5282
39.5322
39.5335
39.5376
39.5144
39.5365
39.5324
39.531
39.5295
39.5326
39.5157
39.5323
39.5317
39.5362
39.529
39.5343
39.5341
39.5316
39.5334
39.5194
39.5284
39.532
39.5318
39.523
39.5379
39.5177
39.5277
39.5227
39.5372
39.5292
39.5293
39.5282
39.5304
39.5261
39.5311
39.5176
39.5262
39.5274
39.536
39.5322
39.538
39.5342
39.5279
39.5267
39.5244
39.5375
39.5376
39.5169
39.5271
39.5296
39.5376
39.5329
39.5305
39.5235
39.5162
39.5238
39.5357
39.5283
39.5219
39.53
39.5104
39.5299
39.5318
39.5234
39.5321
39.5213
39.5428
39.5244
39.5231
39.5285
39.5231
39.536
39.5293
39.5249
39.5159
39.5324
39.53
39.5283
39.5435
39.5265
39.5372
39.5182
39.5275
39.5303
39.5257
39.5376
39.5243
39.5385
39.5362
39.5359
39.5196
39.5304
39.5199
39.5313
39.5325
39.5292
39.521
39.535
39.5341
39.5249
39.5265
39.5228
39.5206
39.5318
39.5439
39.5275
39.5175
39.5461
39.5358
39.5272
39.5356
39.5264
39.5321
39.5134
39.5385
39.5255
39.527
39.5255
39.5259
39.515
39.5227
39.538
39.5134
39.541
39.5379
39.5261
39.5373
39.531
39.5287
39.533
39.5181
39.5256
39.526
39.5366
39.5309
39.5305
39.5321
39.5267
39.5295
39.5161
39.5208
39.5278
39.5325
39.5209
39.524
39.5298
39.527
39.5303
39.5297
39.5221
39.5274
39.5167
39.5343
39.5241
39.5341
39.5438
39.5307
39.5226
39.5145
39.5231
39.5425
39.539
39.5123
39.5363
39.5354
39.5185
39.5266
39.5357
39.532
39.5223
39.5031
39.5385
39.5249
39.5287
39.5321
39.5268
39.5318
39.535
39.5162
39.5321
39.5184
39.5353
39.5325
39.5245
39.525
39.5281
39.5323
39.5363
39.5143
39.5219
39.5362
39.5252
39.5343
39.5211
39.5364
39.5278
39.5246
39.5271
39.5299
39.5287
39.528
39.5272
39.5364
39.5292
39.5325
39.5295
39.5389
39.5295
39.5217
39.5367
39.5284
39.5391
39.5239
39.5281
39.5284
39.5245
39.5353
39.531
39.5376
39.5345
39.529
39.5258
39.533
39.5285
39.5355
39.5208
39.5316
39.5333
39.535
39.5372
39.5274
39.5301
39.5297
39.5281
39.5267
39.5335
39.5285
39.529
39.5228
39.5375
39.5159
39.5381
39.5303
39.5348
39.5354
39.5316
39.5242
39.5343
39.5322
39.5415
39.5214
39.5307
39.5311
39.5355
39.5214
39.5272
39.533
39.5381
39.5231
39.531
39.535
39.5267
39.5253
39.5383
39.5187
39.5386
39.5298
39.5369
39.5306
39.5302
39.5319
39.529
39.5361
39.5288
39.5308
39.5263
39.5298
39.5327
39.5262
39.5215
39.5337
39.5374
39.5221
39.5185
39.5223
39.5232
39.529
39.5341
39.5228
39.532
39.5386
39.5296
39.5337
39.5195
39.519
39.5288
39.5252
39.5417
39.5333
39.5277
39.5222
39.5231
39.534
39.5236
39.5285
39.5178
39.5344
39.5332
39.5325
39.5382
39.5352
39.5374
39.5259
39.5246
39.5324
39.5213
39.5266
39.5278
39.54
39.5283
39.5241
39.5354
39.5279
39.5255
39.5264
39.5245
39.5313
39.5411
39.5378
39.5362
39.5263
39.5367
39.5406
39.5301
39.5337
39.5208
39.5367
39.5345
39.5147
39.5239
39.5241
39.5365
39.522
39.5414
39.5297
39.5311
39.5357
39.543
39.5233
39.534
39.5288
39.5281
39.5204
39.5378
39.5252
39.5335
39.5283
39.5206
39.5156
39.5265
39.5191
39.5339
39.521
39.5265
39.5304
39.5165
39.538
39.537
39.5402
39.5312
39.5295
39.5235
39.5332
39.5197
39.5247
39.5291
39.5277
39.5253
39.5248
39.5285
39.5357
39.5309
39.5354
39.5322
39.5291
39.5312
39.5366
39.5167
39.5343
39.5333
39.5278
39.5195
39.5202
39.54
39.5318
39.524
39.5356
39.5449
39.5217
39.5235
39.5283
39.5361
39.5415
39.521
39.539
39.5331
39.5356
39.53
39.5218
39.5222
39.5255
39.5233
39.5271
39.5367
39.5292
39.5289
39.5316
39.5352
39.5246
39.5198
39.5243
39.5261
39.5314
39.5346
39.537
39.5263
39.5344
39.5242
39.5386
39.5246
39.5286
39.5291
39.5255
39.5317
39.5386
39.5182
39.5181
39.5321
39.5139
39.5246
39.5347
39.5241
39.5223
39.5304
39.5292
39.5445
39.5213
39.5233
39.5192
39.5265
39.5226
39.526
39.533
39.5289
39.5334
39.5201
39.5279
39.5303
39.5264
39.526
39.5454
39.5406
39.5491
39.5248
39.5205
39.5346
39.5295
39.5388
39.5329
39.5211
39.5409
39.5286
39.5406
39.5312
39.5365
39.5244
39.5195
39.5298
39.5408
39.5242
39.5262
39.5303
39.5431
39.5281
39.5309
39.5334
39.5287
39.5284
39.5403
39.5307
39.5355
39.5191
39.5246
39.5234
39.5287
39.5346
39.5167
39.5309
39.5336
39.5314
39.5154
39.5331
39.5436
39.5253
39.5313
39.5292
39.5263
39.5219
39.5304
39.5336
39.5217
39.5411
39.547
39.5215
39.544
39.5264
39.5313
39.5203
39.5316
39.5313
39.5295
39.5226
39.5308
39.5177
39.5304
39.5149
39.5368
39.5308
39.5271
39.5314
39.5309
39.5353
39.5241
39.5281
39.5258
39.5453
39.5235
39.5327
39.5209
39.5282
39.5349
39.5251
39.5326
39.5241
39.5379
39.5252
39.5229
39.5113
39.5244
39.5276
39.5282
39.5351
39.5333
39.5283
39.5166
39.5314
39.5159
39.5244
39.5206
39.5208
39.5318
39.518
39.5379
39.5223
39.5292
39.5314
39.5398
39.5236
39.5163
39.5195
39.528
39.5321
39.5293
39.5238
39.5327
39.523
39.5315
39.5324
39.5274
39.5389
39.525
39.5267
39.5306
39.5362
39.5343
39.5305
39.53
39.5139
39.5339
39.5235
39.5331
39.5266
39.5307
39.5368
39.5252
39.5302
39.5259
39.5317
39.5365
39.5498
39.5323
39.5201
39.5396
39.5295
39.538
39.5301
39.5217
39.5257
39.5307
39.5323
39.5311
39.523
39.5248
39.5187
39.5254
39.5266
39.5281
39.5265
39.5265
39.5391
39.5419
39.5276
39.5264
39.5244
39.5323
39.529
39.5225
39.5311
39.5257
39.5231
39.5285
39.5358
39.5205
39.5444
39.5253
39.5252
39.5343
39.5357
39.5237
39.5302
39.5191
39.5269
39.5203
39.5284
39.5212
39.5298
39.522
39.525
39.5214
39.5284
39.5234
39.5309
39.536
39.5198
39.5312
39.5264
39.5212
39.5423
39.5242
39.5354
39.5352
39.5153
39.5241
39.5339
39.5214
39.5389
39.5303
39.5294
39.5347
39.5373
39.5271
39.5331
39.5273
39.5261
39.5233
39.5205
39.5336
39.5309
39.5327
39.5279
39.5396
39.5335
39.5214
39.5366
39.5211
39.5254
39.5336
39.5333
39.5207
39.5239
39.529
39.5162
39.5275
39.5181
39.5327
39.5247
39.5394
39.5217
39.5242
39.5359
39.5306
39.5265
39.5355
39.5209
39.5374
39.5366
39.5237
39.5208
39.5156
39.5207
39.5306
39.5227
39.5302
39.5251
39.529
39.5287
39.5319
39.527
39.5314
39.5317
39.5209
39.5197
39.523
39.53
39.5229
39.5344
39.5347
39.5305
39.5355
39.5362
39.5273
39.5084
39.5312
39.5288
39.5222
39.5343
39.5243
39.5261
39.5256
39.5165
39.5316
39.5325
39.5336
39.5254
39.5344
39.5327
39.5305
39.5333
39.5239
39.5373
39.5206
39.5334
39.527
39.5246
39.5272
39.5364
39.5178
39.5465
39.5263
39.5281
39.5309
39.5234
39.525
39.5236
39.5315
39.5286
39.5312
39.5355
39.5371
39.5403
39.5233
39.5379
39.5285
39.5409
39.5333
39.5278
39.5263
39.529
39.531
39.5191
39.5415
39.5214
39.5281
39.5194
39.5258
39.532
39.5559
39.5296
39.5201
39.536
39.5424
39.5254
39.5235
39.5308
39.5419
39.5212
39.5175
39.5282
39.5244
39.5195
39.5227
39.5288
39.5336
39.5341
39.5194
39.5342
39.5169
39.529
39.533
39.5314
39.5394
39.5268
39.5214
39.5227
39.5232
39.5323
39.5321
39.5274
39.5302
39.5378
39.5252
39.5325
39.5204
39.5276
39.5318
39.5286
39.5256
39.5312
39.5271
39.5241
39.5259
39.5189
39.5198
39.5283
39.5306
39.5296
39.531
39.5249
39.528
39.5255
39.5205
39.5424
39.5353
39.5283
39.5196
39.5356
39.5283
39.5334
39.5264
39.5203
39.5378
39.5312
39.5235
39.544
39.5252
39.5397
39.5402
39.5234
39.5383
39.5236
39.5282
39.515
39.514
39.5389
39.5307
39.532
39.5288
39.5306
39.5374
39.5129
39.5269
39.5302
39.5292
39.5264
39.5365
39.5208
39.5309
39.5357
39.5262
39.539
39.5284
39.5136
39.5369
39.5264
39.5317
39.5394
39.5339
39.5401
39.5295
39.527
39.5235
39.5379
39.5269
39.5239
39.5285
39.524
39.5235
39.5285
39.5229
39.531
39.5302
39.54
39.5298
39.516
39.5234
39.5148
39.5122
39.5265
39.5357
39.529
39.5063
39.5247
39.5304
39.5269
39.5344
39.5146
39.5343
39.526
39.5276
39.5304
39.5171
39.5433
39.5293
39.5355
39.5267
39.5304
39.524
39.521
39.5375
39.5225
39.5199
39.5337
39.5302
39.5238
39.5258
39.5302
39.5291
39.5315
39.5275
39.5283
39.5287
39.5329
39.5369
39.5345
39.5238
39.5225
39.5266
39.5242
39.5248
39.5299
39.539
39.5289
39.5354
39.5224
39.5299
39.5302
39.5282
39.5253
39.5368
39.519
39.5359
39.5219
39.5263
39.5242
39.5245
39.5248
39.5428
39.5308
39.5247
39.5289
39.5317
39.5295
39.5215
39.5235
39.524
39.5329
39.5237
39.5306
39.52
39.5379
39.5305
39.5272
39.5191
39.5266
39.5344
39.5253
39.5281
39.5312
39.5245
39.5255
39.5359
39.5237
39.5286
39.5245
39.5298
39.5387
39.5337
39.5237
39.5271
39.535
39.5179
39.5327
39.5342
39.5352
39.5274
39.5365
39.5305
39.5377
39.5093
39.5217
39.5274
39.5164
39.5172
39.5412
39.5227
39.5255
39.5242
39.5308
39.5378
39.527
39.5329
39.5281
39.5276
39.5307
39.5296
39.5271
39.5301
39.5304
39.5366
39.5285
39.5323
39.5218
39.5382
39.5315
39.5177
39.5216
39.5344
39.5158
39.5421
39.5306
39.5288
39.5221
39.5296
39.5253
39.5222
39.537
39.5295
39.5173
39.5294
39.524
39.5303
39.5314
39.5362
39.5327
39.5243
39.5139
39.5276
39.5248
39.5335
39.5403
39.5319
39.519
39.5331
39.5292
39.5352
39.5354
39.5335
39.5273
39.5336
39.5323
39.5222
39.5297
39.5121
39.5379
39.5296
39.5257
39.5218
39.5314
39.5209
39.532
39.5285
39.5227
39.5242
39.5184
39.5254
39.5318
39.5256
39.5312
39.5313
39.5381
39.5306
39.5201
39.5369
39.5284
39.5305
39.5174
39.5284
39.5199
39.5144
39.5256
39.5255
39.5286
39.534
39.5336
39.5389
39.5288
39.5366
39.521
39.5308
39.517
39.5319
39.5376
39.5279
39.541
39.5206
39.5358
39.5345
39.532
39.5343
39.53
39.5132
39.5326
39.5234
39.524
39.5408
39.53
39.534
39.5276
39.5415
39.5239
39.5162
39.5348
39.5241
39.538
39.5342
39.5324
39.5282
39.5269
39.5257
39.5382
39.5175
39.5343
39.539
39.5217
39.5294
39.5252
39.5236
39.5258
39.5292
39.529
39.5445
39.5306
39.529
39.5297
39.5346
39.5087
39.5263
39.5308
39.5282
39.5388
39.5344
39.5278
39.5287
39.5183
39.5314
39.5402
39.5261
39.5203
39.5198
39.5331
39.5298
39.5286
39.5305
39.5276
39.534
39.5234
39.5297
39.5341
39.5327
39.522
39.5242
39.5226
39.5238
39.5333
39.5231
39.5325
39.5294
39.5239
39.5327
39.5449
39.5275
39.5231
39.5234
39.5316
39.5357
39.5228
39.5261
39.5121
39.5338
39.5266
39.5314
39.5288
39.5474
39.5203
39.5283
39.5325
39.5378
39.5304
39.5291
39.524
39.527
39.5395
39.5283
39.5219
39.5295
39.5261
39.5209
39.5253
39.5249
39.5353
39.5341
39.5244
39.52
39.5367
39.5215
39.5334
39.5315
39.5319
39.5275
39.5358
39.5231
39.5405
39.5346
39.5206
39.5285
39.5243
39.5289
39.5298
39.533
39.5257
39.5209
39.5241
39.5234
39.5335
39.5239
39.5381
39.5287
39.5347
39.528
39.5333
39.5166
39.5361
39.5209
39.5261
39.5282
39.5278
39.5329
39.5315
39.5286
39.5252
39.529
39.5344
39.5327
39.5218
39.5276
39.521
39.5229
39.5289
39.5262
39.5286
39.5225
39.5253
39.54
39.5247
39.5187
39.5334
39.5278
39.5345
39.525
39.5302
39.5184
39.5328
39.5338
39.5305
39.5178
39.5388
39.5221
39.5262
39.5278
39.5294
39.5248
39.5326
39.5267
39.5288
39.5238
39.5313
39.5301
39.5278
39.5328
39.5233
39.5322
39.5235
39.521
39.5208
39.5353
39.521
39.5278
39.5384
39.5239
39.5314
39.5251
39.543
39.5404
39.5465
39.5275
39.5283
39.5253
39.5257
39.523
39.5275
39.5302
39.5289
39.5226
39.5234
39.5337
39.5161
39.5202
39.5198
39.5192
39.5349
39.5252
39.526
39.5264
39.5301
39.5148
39.5362
39.5209
39.5255
39.516
39.5226
39.5288
39.5396
39.5273
39.531
39.5383
39.5256
39.5255
39.5296
39.5331
39.5279
39.5263
39.5261
39.5334
39.5299
39.5322
39.5239
39.5266
39.5281
39.5364
39.5132
39.5334
39.5292
39.5276
39.5295
39.527
39.5207
39.532
39.5263
39.5218
39.5281
39.5307
39.5295
39.5319
39.5253
39.5309
39.5229
39.5337
39.5241
39.5343
39.5196
39.5289
39.5353
39.5223
39.5375
39.5178
39.516
39.5333
39.5301
39.5235
39.5281
39.5283
39.5173
39.5354
39.5314
39.5261
39.5286
39.5331
39.5173
39.5155
39.5238
39.5242
39.5354
39.5227
39.5304
39.5213
39.5268
39.5303
39.5261
39.5383
39.5329
39.5205
39.5174
39.526
39.5283
39.532
39.5377
39.5297
39.5438
39.5387
39.5246
39.5324
39.5214
39.5235
39.5267
39.5292
39.5239
39.5289
39.5348
39.5254
39.5321
39.525
39.5112
39.5099
39.5191
39.5318
39.5251
39.5284
39.5267
39.5331
39.523
39.535
39.524
39.5219
39.5241
39.5232
39.5273
39.5276
39.5328
39.5182
39.54
39.5314
39.5321
39.5369
39.5275
39.5199
39.5269
39.5252
39.5266
39.5345
39.5309
39.5338
39.527
39.5139
39.5269
39.5238
39.532
39.528
39.5234
39.5315
39.52
39.5343
39.5305
39.5275
39.5274
39.5356
39.536
39.5296
39.5251
39.5333
39.5148
39.5234
39.5224
39.5203
39.5196
39.5244
39.5257
39.5251
39.5109
39.5312
39.5231
39.5332
39.5176
39.5256
39.5336
39.5231
39.5159
39.5237
39.5187
39.524
39.5247
39.514
39.5302
39.5196
39.5336
39.5261
39.5311
39.5234
39.5281
39.5286
39.5348
39.5189
39.5221
39.5249
39.5267
39.5271
39.5323
39.5345
39.5358
39.5235
39.5344
39.5148
39.5259
39.5219
39.5186
39.5224
39.5272
39.5399
39.5322
39.5193
39.5221
39.529
39.5291
39.5341
39.5355
39.5256
39.5306
39.5281
39.5363
39.518
39.5227
39.5288
39.5262
39.5375
39.5272
39.522
39.518
39.5256
39.5329
39.5273
39.5366
39.5267
39.5315
39.5259
39.5372
39.5267
39.5287
39.5175
39.5375
39.5364
39.5235
39.5195
39.5178
39.5107
39.5263
39.5213
39.5309
39.5204
39.535
39.5331
39.5263
39.5287
39.5253
39.5187
39.5306
39.5408
39.5291
39.5269
39.5287
39.5311
39.5249
39.5286
39.5316
39.5246
39.5258
39.5293
39.5311
39.534
39.525
39.5282
39.5327
39.5212
39.5258
39.5284
39.5365
39.5161
39.5231
39.5285
39.5349
39.5256
39.5225
39.5215
39.5266
39.5215
39.5276
39.5202
39.5282
39.5358
39.5279
39.5314
39.5225
39.5235
39.5298
39.5269
39.5234
39.524
39.5235
39.5213
39.5289
39.5157
39.5202
39.5295
39.5226
39.5276
39.5197
39.5204
39.5107
39.5263
39.5317
39.5287
39.5295
39.528
39.5348
39.5269
39.5295
39.525
39.5301
39.5237
39.5314
39.5332
39.5322
39.5243
39.5359
39.5225
39.5191
39.5235
39.5267
39.528
39.5272
39.5173
39.5369
39.5117
39.5308
39.5311
39.5337
39.5264
39.5234
39.5251
39.5296
39.5391
39.5246
39.5144
39.5296
39.5217
39.5263
39.5247
39.528
39.5264
39.5183
39.5275
39.5246
39.5164
39.522
39.5307
39.5151
39.5221
39.5329
39.5104
39.5304
39.5266
39.5237
39.5303
39.5318
39.5357
39.525
39.5305
39.5312
39.5277
39.5316
39.5146
39.514
39.5267
39.5202
39.5259
39.5345
39.5179
39.5238
39.5307
39.5348
39.522
39.525
39.5225
39.5368
39.5318
39.5184
39.5203
39.5259
39.5256
39.5329
39.5267
39.5331
39.5191
39.5287
39.5224
39.5238
39.5335
39.5284
39.5191
39.5233
39.5131
39.5303
39.524
39.5286
39.5188
39.5196
39.5353
39.5353
39.5376
39.5182
39.5158
39.5347
39.5332
39.5243
39.5177
39.5166
39.5357
39.5297
39.5318
39.5274
39.5396
39.525
39.5173
39.5271
39.5314
39.522
39.5265
39.5329
39.526
39.5427
39.5257
39.5301
39.5408
39.5366
39.5127
39.529
39.5332
39.5294
39.5168
39.5293
39.5281
39.5261
39.5265
39.542
39.5263
39.5225
39.5196
39.5317
39.5243
39.523
39.5314
39.5317
39.5295
39.5241
39.5207
39.5351
39.5252
39.5327
39.5234
39.5259
39.5277
39.5231
39.5282
39.53
39.5287
39.5195
39.5185
39.5339
39.5225
39.5308
39.5225
39.5213
39.538
39.5215
39.5246
39.5336
39.5246
39.5292
39.5321
39.5248
39.5236
39.5346
39.522
39.5295
39.5274
39.5168
39.5228
39.5252
39.529
39.5363
39.5266
39.5159
39.5392
39.5259
39.5239
39.5305
39.5199
39.5392
39.5203
39.5165
39.5218
39.5333
39.5243
39.5267
39.5264
39.5318
39.5232
39.5297
39.5376
39.5229
39.5317
39.524
39.5359
39.5294
39.5261
39.5371
39.5173
39.5215
39.5158
39.5215
39.5262
39.5294
39.5128
39.529
39.5297
39.5273
39.526
39.5202
39.5292
39.5311
39.5373
39.5341
39.5333
39.5319
39.5227
39.524
39.5318
39.5254
39.5197
39.5324
39.5179
39.5381
39.5336
39.5266
39.5337
39.5324
39.516
39.531
39.5352
39.5261
39.514
39.5225
39.5231
39.5254
39.5245
39.535
39.5265
39.5341
39.5295
39.5309
39.5338
39.526
39.5277
39.5294
39.5254
39.5142
39.5306
39.5292
39.529
39.5251
39.5298
39.5224
39.5335
39.5229
39.5249
39.5248
39.5303
39.5315
39.5222
39.5271
39.5204
39.5282
39.5294
39.5264
39.5126
39.5374
39.5395
39.5149
39.5276
39.5362
39.5163
39.5351
39.5185
39.5103
39.5242
39.5214
39.5272
39.5364
39.5327
39.5261
39.5321
39.5306
39.5315
39.5174
39.5358
39.5264
39.5315
39.5186
39.5195
39.524
39.5239
39.5287
39.5275
39.5205
39.5255
39.5248
39.5244
39.5187
39.5381
39.5366
39.5411
39.5275
39.5326
39.5219
39.5233
39.522
39.5296
39.5225
39.5268
39.5258
39.528
39.5189
39.5214
39.5385
39.5221
39.5368
39.52
39.5222
39.5349
39.5346
39.5377
39.5234
39.5344
39.5393
39.5298
39.5307
39.534
39.5326
39.5206
39.5195
39.5326
39.5275
39.5184
39.5215
39.5357
39.5184
39.5249
39.5225
39.5277
39.5147
39.5334
39.5184
39.5277
39.5174
39.5242
39.5046
39.5165
39.5318
39.5312
39.5258
39.5249
39.521
39.5289
39.5187
39.5345
39.5394
39.5387
39.5334
39.5301
39.5297
39.5337
39.5332
39.5295
39.5272
39.5281
39.5237
39.529
39.5247
39.5327
39.5375
39.5193
39.5355
39.5246
39.5247
39.5328
39.5342
39.5163
39.5236
39.5262
39.5286
39.5233
39.535
39.5258
39.5156
39.5376
39.533
39.5277
39.5227
39.5303
39.5263
39.5292
39.5378
39.5357
39.5259
39.5266
39.5293
39.5328
39.5167
39.5413
39.5286
39.5256
39.531
39.5259
39.5131
39.5272
39.5263
39.5319
39.5262
39.5187
39.5271
39.5253
39.5297
39.525
39.521
39.5288
39.5299
39.5196
39.5246
39.5256
39.5392
39.5358
39.5303
39.5304
39.5176
39.53
39.5272
39.5255
39.5321
39.5259
39.5228
39.5236
39.5206
39.519
39.5259
39.5304
39.5291
39.521
39.5329
39.5192
39.5234
39.5244
39.528
39.5248
39.526
39.541
39.5252
39.5281
39.5324
39.5325
39.5352
39.5281
39.5261
39.517
39.5255
39.5264
39.5273
39.5279
39.5185
39.5283
39.5137
39.5319
39.5297
39.5247
39.5341
39.5213
39.5348
39.5356
39.5272
39.5327
39.5276
39.5304
39.5257
39.5263
39.5216
39.5252
39.512
39.5243
39.5337
39.5256
39.5298
39.5279
39.5357
39.5418
39.5336
39.5205
39.5209
39.5149
39.5202
39.5121
39.5178
39.53
39.5307
39.5244
39.5075
39.528
39.5221
39.5174
39.5247
39.5251
39.5213
39.5255
39.5147
39.5219
39.5433
39.5205
39.5396
39.5296
39.5174
39.527
39.5208
39.5197
39.5224
39.5259
39.5373
39.5237
39.5212
39.5248
39.5252
39.5327
39.5324
39.528
39.5278
39.5367
39.5264
39.5296
39.5334
39.5182
39.5336
39.5264
39.5145
39.5165
39.5353
39.5242
39.5271
39.5233
39.5202
39.5197
39.5156
39.5223
39.5168
39.5308
39.5213
39.5235
39.53
39.525
39.5245
39.528
39.5306
39.5224
39.5331
39.5261
39.5305
39.5213
39.5378
39.524
39.5258
39.5276
39.5149
39.5253
39.5233
39.5248
39.5435
39.5251
39.5177
39.5372
39.5146
39.5248
39.5293
39.5346
39.5308
39.5309
39.5266
39.5357
39.5203
39.5237
39.538
39.5284
39.5258
39.5238
39.5213
39.5258
39.5291
39.5306
39.5235
39.5354
39.5279
39.5312
39.5332
39.5223
39.5262
39.5315
39.5265
39.5264
39.5246
39.518
39.5253
39.5274
39.5226
39.5248
39.5228
39.5133
39.5274
39.5273
39.5314
39.5229
39.5337
39.5256
39.5284
39.5273
39.5347
39.5445
39.5183
39.5391
39.526
39.5286
39.5284
39.5291
39.5211
39.5203
39.5219
39.5244
39.5261
39.53
39.5189
39.5204
39.5379
39.5322
39.5234
39.5268
39.5382
39.5427
39.528
39.5261
39.5153
39.525
39.5323
39.5364
39.5279
39.5301
39.5279
39.5252
39.5122
39.5403
39.522
39.5297
39.5138
39.5225
39.53
39.5218
39.526
39.5249
39.5277
39.5291
39.5273
39.517
39.5202
39.5232
39.5304
39.537
39.5233
39.5134
39.5222
39.5225
39.5205
39.5174
39.526
39.5259
39.5345
39.5272
39.5229
39.524
39.5431
39.5171
39.5243
39.5214
39.5353
39.5327
39.5209
39.5319
39.5268
39.5251
39.5181
39.5333
39.5336
39.5252
39.5313
39.5335
39.528
39.5281
39.5311
39.5174
39.5244
39.5284
39.5236
39.5375
39.5146
39.5244
39.5241
39.5287
39.5278
39.5274
39.5172
39.5315
39.5238
39.5213
39.5269
39.5273
39.5271
39.5219
39.5347
39.5326
39.5208
39.5257
39.5339
39.5199
39.5182
39.5229
39.5155
39.5236
39.515
39.5194
39.524
39.5254
39.5276
39.5295
39.5256
39.5359
39.5205
39.5248
39.5237
39.5194
39.528
39.5308
39.5167
39.5184
39.53
39.525
39.5354
39.53
39.5263
39.54
39.5389
39.5149
39.5323
39.5314
39.522
39.5275
39.5256
39.523
39.5223
39.5199
39.5366
39.532
39.5264
39.5369
39.5202
39.5264
39.5372
39.5409
39.5299
39.5262
39.5275
39.5269
39.5265
39.5324
39.5204
39.5368
39.5309
39.5249
39.5319
39.5143
39.5277
39.5174
39.5289
39.5325
39.5106
39.5201
39.5282
39.5348
39.5274
39.5179
39.5155
39.5333
39.5148
39.5262
39.5267
39.5307
39.5265
39.5288
39.5313
39.528
39.5238
39.528
39.5108
39.5398
39.5252
39.5189
39.5179
39.5301
39.5212
39.5186
39.539
39.5271
39.5204
39.5351
39.5297
39.5343
39.5332
39.5321
39.5186
39.5311
39.5207
39.5286
39.539
39.5113
39.5162
39.5197
39.5179
39.5252
39.5337
39.5244
39.521
39.5241
39.5312
39.5237
39.5236
39.521
39.527
39.5255
39.5217
39.5238
39.5202
39.5208
39.5296
39.5294
39.5308
39.5291
39.5227
39.5301
39.5339
39.5329
39.5267
39.5195
39.534
39.5254
39.5278
39.5309
39.5219
39.5252
39.5183
39.5351
39.5281
39.518
39.5404
39.5252
39.5463
39.5186
39.5267
39.534
39.5276
39.5262
39.5242
39.5291
39.5322
39.5343
39.5244
39.5294
39.5189
39.5311
39.5184
39.5168
39.5268
39.5147
39.534
39.5257
39.5392
39.5179
39.5352
39.5275
39.5194
39.5275
39.5339
39.5218
39.5195
39.5123
39.5228
39.5325
39.5327
39.5188
39.5285
39.5311
39.526
39.5258
39.5266
39.5263
39.5277
39.5266
39.5345
39.534
39.5268
39.5247
39.5367
39.5247
39.5117
39.5222
39.5238
39.5219
39.5245
39.5232
39.5226
39.5206
39.5246
39.5256
39.5289
39.5173
39.5314
39.5235
39.5156
39.5184
39.5166
39.5316
39.5165
39.5217
39.5332
39.5283
39.5238
39.531
39.5327
39.5403
39.5186
39.5263
39.5257
39.5265
39.5232
39.5239
39.5175
39.5269
39.532
39.5223
39.5248
39.5213
39.5303
39.5277
39.5281
39.526
39.5361
39.5213
39.5233
39.5235
39.5247
39.5239
39.5225
39.5355
39.5247
39.5207
39.5341
39.5327
39.5358
39.5286
39.5191
39.527
39.5175
39.522
39.5184
39.5318
39.5254
39.5238
39.5197
39.5221
39.5181
39.5294
39.5215
39.5364
39.5134
39.5169
39.5189
39.5136
39.5223
39.5206
39.5264
39.5343
39.5165
39.5296
39.5218
39.5334
39.5192
39.5284
39.5325
39.5224
39.5271
39.5123
39.5354
39.5292
39.5319
39.5268
39.5297
39.5166
39.5194
39.521
39.5223
39.5212
39.5187
39.5229
39.519
39.5201
39.5256
39.5235
39.521
39.5321
39.5238
39.5264
39.5263
39.5111
39.5218
39.5156
39.5349
39.5334
39.5299
39.5231
39.5267
39.5293
39.5331
39.5293
39.5209
39.5308
39.5452
39.5364
39.5283
39.5308
39.5274
39.5264
39.5288
39.5189
39.5185
39.5284
39.5286
39.5152
39.531
39.5257
39.5245
39.5212
39.5183
39.5275
39.5177
39.5412
39.53
39.524
39.5303
39.5339
39.529
39.5217
39.517
39.5247
39.5333
39.5216
39.5198
39.5261
39.5334
39.516
39.5107
39.5306
39.5208
39.5193
39.5144
39.5237
39.533
39.5239
39.5327
39.521
39.5282
39.5247
39.5172
39.5253
39.5191
39.5193
39.5278
39.5221
39.5178
39.5326
39.5235
39.5333
39.5277
39.5307
39.5252
39.5206
39.5132
39.5252
39.5366
39.5312
39.5329
39.5227
39.5273
39.5247
39.5288
39.5076
39.5224
39.5291
39.5256
39.5241
39.5271
39.5336
39.5208
39.5306
39.5156
39.5222
39.5303
39.5399
39.5249
39.5266
39.5367
39.5311
39.5272
39.5266
39.5289
39.5403
39.5164
39.5241
39.5268
39.5215
39.5307
39.5372
39.5309
39.5202
39.5308
39.5226
39.522
39.5199
39.5286
39.5254
39.5331
39.5274
39.5277
39.5337
39.5212
39.5207
39.5309
39.532
39.5227
39.5329
39.5328
39.5275
39.5314
39.5218
39.5323
39.532
39.5256
39.5246
39.5256
39.5139
39.5113
39.5195
39.5241
39.5204
39.5349
39.5302
39.5187
39.5274
39.5143
39.5313
39.5215
39.5298
39.535
39.5302
39.5219
39.5233
39.5181
39.5221
39.5242
39.5296
39.5312
39.534
39.5271
39.5185
39.5298
39.5247
39.5371
39.5259
39.5196
39.5193
39.5292
39.5294
39.5218
39.5298
39.5307
39.529
39.5279
39.5235
39.5212
39.5278
39.53
39.5266
39.5273
39.5247
39.5289
39.5312
39.521
39.5285
39.5204
39.5292
39.5362
39.5178
39.5245
39.533
39.5172
39.5182
39.5343
39.5307
39.5189
39.5187
39.5213
39.5289
39.5234
39.525
39.5321
39.5294
39.524
39.5167
39.5219
39.5265
39.5254
39.5176
39.518
39.5223
39.5232
39.5252
39.5262
39.5202
39.5252
39.5282
39.517
39.5288
39.5234
39.5225
39.5274
39.515
39.5288
39.5283
39.5201
39.5318
39.5277
39.5178
39.5277
39.5263
39.5242
39.5352
39.5288
39.5245
39.5237
39.5253
39.5213
39.5284
39.5237
39.5304
39.5294
39.5281
39.5252
39.5244
39.5328
39.5265
39.5303
39.5295
39.5252
39.5239
39.5273
39.5355
39.5297
39.5159
39.5381
39.5275
39.525
39.5254
39.516
39.5297
39.5286
39.533
39.5153
39.5276
39.5253
39.5368
39.5354
39.5359
39.5214
39.5367
39.5168
39.5349
39.5214
39.5366
39.5212
39.5213
39.5246
39.5259
39.5229
39.5184
39.5239
39.5263
39.5334
39.5248
39.5193
39.5218
39.5256
39.5217
39.5194
39.5274
39.5342
39.5341
39.5354
39.5251
39.5373
39.5256
39.5245
39.5244
39.5152
39.5233
39.5213
39.5306
39.5257
39.534
39.5261
39.5232
39.5274
39.5168
39.5232
39.5271
39.526
39.5276
39.5227
39.5206
39.5272
39.5188
39.5217
39.527
39.5254
39.5246
39.5285
39.5323
39.5388
39.5367
39.5341
39.5241
39.5326
39.5333
39.5226
39.5198
39.527
39.5248
39.5302
39.5252
39.5256
39.5221
39.5288
39.5321
39.5286
39.5318
39.5175
39.5166
39.5139
39.5228
39.5219
39.5159
39.5165
39.5266
39.5245
39.5344
39.5287
39.5287
39.5216
39.5261
39.5306
39.5245
39.5232
39.5238
39.5212
39.5317
39.5309
39.5223
39.5282
39.5268
39.5264
39.5444
39.531
39.5262
39.5254
39.5257
39.5265
39.5263
39.5267
39.5247
39.5271
39.5384
39.5295
39.5387
39.5247
39.5183
39.5339
39.5296
39.5251
39.5338
39.5376
39.5252
39.5272
39.5279
39.537
39.5312
39.5213
39.5201
39.5283
39.5239
39.5338
39.5209
39.5287
39.5307
39.5391
39.5141
39.5221
39.5321
39.523
39.5276
39.5229
39.5178
39.5181
39.5248
39.5345
39.5304
39.5313
39.5294
39.5211
39.5294
39.5252
39.528
39.5331
39.5379
39.5342
39.5237
39.5271
39.5221
39.5221
39.5277
39.5342
39.5245
39.5413
39.5233
39.5279
39.526
39.5165
39.5345
39.5259
39.5267
39.5221
39.5284
39.5328
39.5286
39.5216
39.5258
39.522
39.5101
39.5262
39.5227
39.5282
39.5126
39.5217
39.5339
39.5216
39.5151
39.5308
39.5211
39.5229
39.5166
39.5197
39.5211
39.5298
39.5326
39.5231
39.5234
39.5179
39.5237
39.528
39.5327
39.5221
39.5229
39.5294
39.5272
39.5286
39.5156
39.5288
39.5275
39.5272
39.5177
39.5318
39.5206
39.5225
39.5306
39.5334
39.5242
39.5191
39.5239
39.5156
39.5295
39.5294
39.5213
39.526
39.52
39.5161
39.5224
39.5204
39.5353
39.5174
39.5311
39.5226
39.5275
39.5332
39.5247
39.5239
39.5199
39.5331
39.5255
39.5165
39.528
39.5213
39.5213
39.5187
39.5342
39.5299
39.5114
39.5334
39.5163
39.5298
39.5327
39.5243
39.5338
39.5252
39.5343
39.5229
39.5159
39.5215
39.5221
39.536
39.5366
39.5181
39.5277
39.5229
39.5356
39.5245
39.5298
39.5201
39.5366
39.528
39.5295
39.5194
39.5266
39.5323
39.5298
39.521
39.5272
39.5154
39.5309
39.5296
39.5241
39.5137
39.5222
39.5275
39.532
39.5322
39.525
39.5198
39.5265
39.5191
39.5175
39.5176
39.5204
39.5245
39.5314
39.5258
39.5253
39.5298
39.5274
39.5342
39.5285
39.5309
39.5284
39.5203
39.5135
39.5237
39.5235
39.5176
39.524
39.526
39.5375
39.5148
39.5121
39.5226
39.5188
39.5306
39.5238
39.5129
39.5305
39.5256
39.5214
39.5274
39.5255
39.5178
39.528
39.5348
39.5375
39.527
39.5286
39.5282
39.5266
39.5243
39.5367
39.5239
39.5228
39.5267
39.529
39.5233
39.5251
39.5275
39.5169
39.5265
39.5254
39.5239
39.5318
39.5307
39.539
39.5327
39.5286
39.5329
39.5268
39.5159
39.5219
39.5148
39.5303
39.5321
39.5278
39.5208
39.5253
39.5166
39.5201
39.5299
39.5292
39.5185
39.5346
39.521
39.521
39.5303
39.5233
39.5182
39.526
39.5407
39.5237
39.5173
39.5244
39.527
39.5225
39.535
39.5325
39.5206
39.5172
39.523
39.5316
39.5274
39.5246
39.5176
39.5271
39.5325
39.527
39.5219
39.5263
39.5212
39.5218
39.5202
39.5277
39.527
39.521
39.5275
39.5295
39.522
39.5325
39.5151
39.5169
39.5279
39.5323
39.5297
39.5141
39.5292
39.5204
39.5185
39.5231
39.5343
39.5365
39.5258
39.5157
39.523
39.5195
39.5344
39.5202
39.5247
39.5231
39.5318
39.5258
39.5226
39.523
39.5269
39.5342
39.5224
39.5207
39.5314
39.5116
39.5286
39.5197
39.5264
39.5254
39.516
39.5172
39.5213
39.5184
39.518
39.5243
39.5291
39.5248
39.5334
39.5267
39.5275
39.5235
39.5214
39.5385
39.526
39.5335
39.5249
39.5142
39.5311
39.5211
39.5231
39.5256
39.5278
39.5247
39.5342
39.5221
39.5293
39.5197
39.5222
39.5219
39.535
39.5256
39.5136
39.5294
39.5246
39.5186
39.5375
39.5205
39.5216
39.5245
39.5127
39.526
39.5164
39.5294
39.5238
39.5205
39.5245
39.519
39.5185
39.5261
39.5303
39.5286
39.525
39.53
39.5322
39.5289
39.5124
39.5188
39.529
39.5191
39.5199
39.5254
39.5226
39.5221
39.5188
39.5182
39.5262
39.5207
39.532
39.5281
39.5191
39.5363
39.5246
39.531
39.524
39.5217
39.5354
39.5293
39.521
39.518
39.5302
39.5262
39.5255
39.5366
39.5238
39.5179
39.5307
39.5352
39.5202
39.5236
39.5175
39.5271
39.5268
39.5192
39.5223
39.5181
39.5274
39.5185
39.5167
39.5211
39.5284
39.5251
39.5255
39.5306
39.5189
39.5181
39.53
39.5203
39.5193
39.5228
39.518
39.5329
39.5174
39.5285
39.5317
39.5186
39.529
39.5259
39.5198
39.5265
39.5302
39.5197
39.5106
39.5268
39.5289
39.5204
39.5309
39.5224
39.5307
39.5177
39.5429
39.519
39.5264
39.5242
39.5276
39.5142
39.5229
39.53
39.5175
39.5212
39.5238
39.5226
39.521
39.5349
39.535
39.5174
39.5147
39.5257
39.5227
39.5261
39.5277
39.5149
39.5329
39.5163
39.5186
39.5352
39.5307
39.5174
39.5271
39.5405
39.5234
39.5225
39.5329
39.5374
39.5186
39.5294
39.5257
39.5237
39.5085
39.5325
39.5353
39.5311
39.5362
39.5204
39.5325
39.534
39.5325
39.5284
39.5182
39.5326
39.5333
39.5295
39.5318
39.5279
39.5245
39.5236
39.5295
39.526
39.5291
39.5308
39.5362
39.5211
39.5215
39.5296
39.5319
39.5163
39.5308
39.5282
39.5311
39.5195
39.5171
39.5244
39.5238
39.5166
39.5272
39.5298
39.5168
39.5306
39.5298
39.525
39.5236
39.5199
39.5351
39.5277
39.5362
39.529
39.5338
39.5212
39.5204
39.5268
39.5313
39.5388
39.5162
39.5179
39.533
39.5246
39.5217
39.5166
39.5122
39.5236
39.5219
39.5155
39.519
39.5259
39.5274
39.5259
39.5186
39.5319
39.5101
39.5246
39.5181
39.5254
39.5257
39.5307
39.5224
39.5266
39.5147
39.5243
39.5252
39.5328
39.5287
39.5289
39.5293
39.5277
39.5282
39.5374
39.5281
39.515
39.5271
39.5216
39.5267
39.5212
39.5269
39.5226
39.5246
39.5242
39.5317
39.5225
39.5338
39.5255
39.5158
39.5297
39.5227
39.5258
39.5312
39.5273
39.5227
39.5258
39.5222
39.5185
39.5217
39.5312
39.5214
39.5102
39.5211
39.5288
39.5219
39.5238
39.525
39.522
39.5296
39.5216
39.5167
39.5253
39.5282
39.5238
39.529
39.5231
39.5346
39.5276
39.5278
39.5292
39.5239
39.529
39.5221
39.5341
39.5177
39.5263
39.5356
39.5302
39.5251
39.5375
39.5253
39.5306
39.532
39.5278
39.529
39.5195
39.526
39.5267
39.5193
39.519
39.5422
39.5273
39.5243
39.5371
39.5362
39.5273
39.5214
39.5235
39.5197
39.5222
39.5119
39.5199
39.5238
39.5234
39.5179
39.5259
39.5186
39.5284
39.521
39.5335
39.5302
39.5325
39.5257
39.5244
39.5258
39.5325
39.524
39.5271
39.5175
39.5294
39.5259
39.5305
39.523
39.5208
39.5197
39.5331
39.5219
39.5215
39.5393
39.5224
39.5204
39.5326
39.5353
39.513
39.5267
39.5266
39.5113
39.5149
39.5325
39.5205
39.5196
39.5254
39.5242
39.5158
39.5282
39.5221
39.5284
39.5246
39.5245
39.5101
39.5193
39.5217
39.526
39.5248
39.5317
39.5287
39.5222
39.524
39.5279
39.5206
39.5255
39.532
39.5233
39.5322
39.5283
39.5248
39.5282
39.5263
39.5203
39.5321
39.5341
39.5187
39.5241
39.5383
39.529
39.523
39.5204
39.5234
39.5285
39.541
39.5071
39.5206
39.5192
39.5274
39.525
39.5183
39.527
39.5296
39.5128
39.5255
39.522
39.5224
39.5253
39.5214
39.5308
39.5229
39.5242
39.5202
39.5295
39.5221
39.5186
39.5191
39.5263
39.5344
39.516
39.534
39.5258
39.5346
39.524
39.5202
39.5372
39.5213
39.5299
39.5271
39.5206
39.5258
39.5369
39.5189
39.5262
39.5295
39.5315
39.5212
39.5302
39.5156
39.529
39.5237
39.5281
39.5259
39.5303
39.5258
39.5217
39.5248
39.5302
39.5195
39.509
39.5173
39.5355
39.5193
39.5136
39.5309
39.5279
39.513
39.5306
39.5242
39.5278
39.5273
39.5348
39.5417
39.5229
39.5312
39.5351
39.5162
39.5286
39.5209
39.5228
39.5258
39.5242
39.5339
39.5296
39.5265
39.5168
39.5302
39.5307
39.5217
39.5265
39.5261
39.5163
39.5265
39.5218
39.5227
39.5205
39.5247
39.5258
39.5324
39.5107
39.5233
39.527
39.5212
39.519
39.5228
39.5258
39.5235
39.5199
39.5265
39.5312
39.5149
39.5304
39.5147
39.5226
39.5242
39.5318
39.528
39.5192
39.5279
39.5223
39.5243
39.521
39.5284
39.5263
39.534
39.5392
39.5079
39.5228
39.5193
39.5236
39.5218
39.5255
39.5205
39.5277
39.5273
39.5291
39.5258
39.5202
39.5322
39.5256
39.5238
39.5267
39.518
39.5141
39.5181
39.5141
39.5154
39.5324
39.5279
39.5261
39.5193
39.5268
39.5113
39.5323
39.5214
39.5119
39.5244
39.5259
39.5162
39.5303
39.5334
39.5216
39.5268
39.5222
39.5227
39.5262
39.5223
39.5303
39.5222
39.5117
39.5078
39.5297
39.5188
39.5226
39.5138
39.521
39.5334
39.526
39.5331
39.5197
39.5311
39.5264
39.5211
39.5206
39.5337
39.5215
39.5271
39.5275
39.5255
39.5262
39.5254
39.5288
39.5139
39.5171
39.5155
39.5186
39.5208
39.5304
39.5249
39.5149
39.5256
39.5172
39.535
39.5249
39.5115
39.531
39.535
39.5226
39.5226
39.5229
39.5261
39.5169
39.5333
39.5311
39.5273
39.5157
39.5212
39.5223
39.5292
39.5212
39.5228
39.5242
39.5247
39.5299
39.5213
39.5288
39.5278
39.5176
39.5209
39.5225
39.5267
39.5233
39.5212
39.5259
39.5271
39.5331
39.5366
39.5148
39.5205
39.5239
39.5401
39.5213
39.5285
39.5238
39.5206
39.528
39.5298
39.5316
39.5335
39.5287
39.5225
39.5175
39.5263
39.5241
39.5316
39.5326
39.5368
39.5318
39.5361
39.5183
39.5181
39.5293
39.5274
39.5211
39.5221
39.5275
39.5307
39.5328
39.516
39.5249
39.5374
39.5212
39.5207
39.523
39.5283
39.5219
39.5178
39.5325
39.5187
39.5201
39.5156
39.5337
39.5231
39.5336
39.522
39.5174
39.5284
39.5336
39.5299
39.5309
39.5244
39.5232
39.5443
39.5276
39.5319
39.5273
39.5275
39.5298
39.5282
39.5221
39.5224
39.5282
39.527
39.5198
39.5343
39.5256
39.5258
39.5275
39.5339
39.5278
39.5179
39.5246
39.5247
39.5295
39.5159
39.5218
39.5193
39.5314
39.5169
39.5357
39.5288
39.5255
39.5206
39.5288
39.5227
39.5303
39.524
39.5253
39.5105
39.5244
39.5248
39.514
39.5218
39.5244
39.5408
39.5232
39.5208
39.5243
39.5154
39.5294
39.5277
39.5318
39.526
39.5175
39.5291
39.5169
39.5267
39.5264
39.5187
39.5263
39.5265
39.5208
39.5265
39.5149
39.5158
39.5276
39.5331
39.5285
39.5218
39.5189
39.5258
39.5242
39.5252
39.5225
39.5239
39.5308
39.5262
39.5315
39.5273
39.5173
39.5244
39.527
39.517
39.5254
39.5279
39.5261
39.5279
39.527
39.5351
39.5223
39.5228
39.5296
39.5273
39.5243
39.5313
39.5252
39.5208
39.5209
39.5213
39.5236
39.5208
39.5234
39.5197
39.536
39.5242
39.5291
39.5214
39.5245
39.5247
39.527
39.5266
39.5233
39.5304
39.5204
39.5308
39.5209
39.5301
39.524
39.5218
39.5258
39.5305
39.535
39.531
39.5233
39.5228
39.5227
39.5264
39.5186
39.5211
39.535
39.5314
39.5248
39.5287
39.5304
39.5179
39.5264
39.5178
39.5143
39.5285
39.5232
39.5313
39.5244
39.524
39.5262
39.5226
39.534
39.5207
39.5131
39.5209
39.52
39.5328
39.5357
39.5213
39.5259
39.5211
39.5171
39.5298
39.5298
39.528
39.5267
39.527
39.5275
39.5204
39.527
39.5243
39.5284
39.5347
39.5237
39.5154
39.5304
39.5254
39.5277
39.5249
39.5191
39.5369
39.526
39.5178
39.5218
39.527
39.5237
39.521
39.5287
39.5223
39.5205
39.5152
39.5302
39.5193
39.5164
39.5247
39.528
39.5337
39.5253
39.5168
39.5212
39.5272
39.5231
39.5157
39.5218
39.523
39.5257
39.5305
39.5264
39.5283
39.531
39.5311
39.5261
39.5222
39.5102
39.5175
39.5326
39.5163
39.5125
39.5237
39.5297
39.523
39.525
39.5231
39.5146
39.5231
39.5296
39.5213
39.5273
39.5192
39.5207
39.5261
39.5276
39.5297
39.5212
39.5145
39.5236
39.5249
39.5225
39.5281
39.5331
39.5274
39.5359
39.5342
39.5176
39.5254
39.5266
39.5246
39.5359
39.5223
39.5272
39.5292
39.5179
39.5262
39.527
39.5173
39.5228
39.5265
39.5236
39.5292
39.5298
39.5227
39.5259
39.5202
39.5236
39.5329
39.5301
39.5235
39.5283
39.5156
39.52
39.525
39.5195
39.5333
39.5289
39.5186
39.5369
39.5299
39.5236
39.5231
39.5328
39.5305
39.5239
39.5312
39.5236
39.5236
39.5321
39.5228
39.5247
39.5266
39.531
39.526
39.5267
39.523
39.5266
39.5234
39.5324
39.5192
39.5269
39.5168
39.5179
39.5255
39.5213
39.5251
39.5298
39.5151
39.525
39.5231
39.5238
39.5166
39.526
39.5276
39.5212
39.527
39.5282
39.5326
39.5211
39.5188
39.5287
39.5152
39.5247
39.522
39.5232
39.5272
39.5291
39.5239
39.5137
39.5221
39.5264
39.5438
39.5184
39.5297
39.5256
39.5303
39.5306
39.5299
39.5397
39.5121
39.5281
39.5168
39.5328
39.5253
39.5236
39.5346
39.5128
39.5246
39.5329
39.5288
39.5216
39.5217
39.5268
39.5281
39.524
39.5283
39.5382
39.5127
39.5223
39.5321
39.5308
39.5244
39.5135
39.521
39.5321
39.5253
39.5194
39.5273
39.5288
39.5378
39.5333
39.5357
39.5293
39.5153
39.5233
39.5265
39.5244
39.5333
39.524
39.5149
39.5349
39.5192
39.5226
39.5271
39.5299
39.5364
39.524
39.5297
39.5263
39.5283
39.5244
39.5291
39.5296
39.5213
39.5192
39.5179
39.5228
39.5278
39.525
39.512
39.5267
39.5297
39.5161
39.5203
39.5239
39.5166
39.5265
39.5255
39.5334
39.5236
39.5294
39.5262
39.5161
39.5268
39.5267
39.5408
39.5121
39.5371
39.5229
39.5275
39.5166
39.5162
39.5281
39.5204
39.5263
39.5127
39.509
39.519
39.5282
39.5263
39.5314
39.5204
39.5225
39.5229
39.5277
39.5258
39.5218
39.5278
39.526
39.5209
39.523
39.5252
39.5301
39.521
39.5213
39.5324
39.5138
39.5261
39.5235
39.532
39.5273
39.5196
39.5273
39.5254
39.5287
39.5182
39.5186
39.5264
39.5266
39.5238
39.5258
39.5214
39.5203
39.524
39.5237
39.527
39.5204
39.5227
39.5296
39.519
39.5331
39.5191
39.5409
39.5234
39.5275
39.5273
39.5248
39.5187
39.5172
39.5165
39.5176
39.5157
39.5346
39.5306
39.5249
39.5236
39.5219
39.5158
39.5263
39.5294
39.5308
39.5385
39.5218
39.5226
39.5319
39.5276
39.5221
39.5248
39.5204
39.5244
39.5187
39.5289
39.5226
39.5285
39.5209
39.5233
39.5223
39.523
39.5229
39.5181
39.5213
39.5349
39.5279
39.5242
39.5266
39.5159
39.5158
39.5311
39.5245
39.5232
39.5148
39.5285
39.5232
39.5221
39.5263
39.5247
39.5252
39.5304
39.5229
39.5308
39.5266
39.5245
39.5195
39.5336
39.5316
39.5245
39.5346
39.5191
39.5296
39.5263
39.5272
39.5264
39.5251
39.5267
39.5238
39.5229
39.5245
39.5246
39.515
39.5159
39.5174
39.5367
39.524
39.5181
39.5291
39.5213
39.5311
39.5162
39.5168
39.5361
39.5208
39.5277
39.5272
39.5206
39.5213
39.5259
39.5369
39.5211
39.5237
39.5254
39.5215
39.5251
39.5288
39.5202
39.5173
39.5254
39.5199
39.5276
39.5224
39.5287
39.5173
39.5165
39.5165
39.5247
39.5211
39.5174
39.5133
39.5231
39.5169
39.5223
39.5355
39.5279
39.536
39.521
39.5296
39.5254
39.5203
39.5277
39.5253
39.5248
39.5243
39.5152
39.5255
39.5212
39.5098
39.5278
39.5188
39.5266
39.5289
39.529
39.5199
39.5257
39.5273
39.5248
39.5229
39.5182
39.5213
39.5273
39.5324
39.5125
39.521
39.5339
39.526
39.5165
39.5243
39.5226
39.5308
39.5182
39.5269
39.5245
39.5194
39.5221
39.5276
39.5419
39.5329
39.5209
39.5153
39.5325
39.5261
39.5272
39.5308
39.5306
39.5336
39.5406
39.5257
39.5273
39.526
39.5366
39.5303
39.5256
39.5268
39.5203
39.5265
39.5222
39.52
39.5348
39.5256
39.5335
39.5152
39.5203
39.5151
39.528
39.5128
39.5328
39.526
39.5267
39.528
39.5255
39.5289
39.5167
39.5303
39.5283
39.5291
39.5298
39.5158
39.5225
39.5174
39.5205
39.5234
39.5289
39.5262
39.5304
39.5266
39.5186
39.5146
39.5231
39.5218
39.5384
39.5134
39.5175
39.5304
39.5208
39.5355
39.5158
39.529
39.5317
39.5303
39.5278
39.529
39.5326
39.5175
39.5243
39.5297
39.5273
39.527
39.5377
39.5369
39.5249
39.5241
39.524
39.5278
39.5191
39.5158
39.5295
39.5335
39.5136
39.5302
39.5322
39.5135
39.5194
39.5213
39.5157
39.5356
39.524
39.5298
39.5177
39.5204
39.5222
39.5177
39.5283
39.5261
39.5227
39.5247
39.5264
39.5241
39.5238
39.524
39.523
39.5153
39.5189
39.5202
39.5322
39.5256
39.525
39.5266
39.525
39.5337
39.5253
39.5299
39.5352
39.5354
39.5331
39.5245
39.5266
39.5225
39.5273
39.5181
39.5227
39.5218
39.5228
39.5234
39.5202
39.5323
39.5311
39.5164
39.5136
39.5254
39.5279
39.5225
39.5244
39.5224
39.5352
39.5314
39.5293
39.522
39.532
39.5382
39.5292
39.5309
39.5222
39.5093
39.5349
39.5236
39.5172
39.528
39.5269
39.5214
39.5277
39.5221
39.5216
39.5428
39.513
39.5203
39.5309
39.5195
39.5209
39.5149
39.5235
39.5289
39.5182
39.5224
39.5119
39.5195
39.5293
39.515
39.5242
39.5224
39.5263
39.5332
39.5269
39.5243
39.5274
39.5197
39.5156
39.5129
39.5228
39.5244
39.5231
39.5124
39.5286
39.5173
39.5283
39.5224
39.5214
39.523
39.5275
39.5422
39.5188
39.5245
39.5255
39.5284
39.533
39.5219
39.527
39.5237
39.5229
39.5253
39.5285
39.541
39.5294
39.5306
39.5277
39.5185
39.5298
39.5216
39.5294
39.5261
39.5174
39.5162
39.5199
39.5253
39.52
39.5118
39.5156
39.5194
39.5313
39.5214
39.527
39.5199
39.535
39.5169
39.5174
39.5142
39.5193
39.523
39.5281
39.5198
39.52
39.5341
39.5325
39.5325
39.5225
39.5104
39.5278
39.5157
39.5218
39.5267
39.5282
39.5235
39.5376
39.5278
39.5157
39.521
39.5178
39.5366
39.5265
39.5223
39.5261
39.524
39.515
39.5283
39.5359
39.5303
39.5296
39.5351
39.519
39.5233
39.5349
39.5284
39.5322
39.5187
39.5252
39.5211
39.5356
39.5219
39.5261
39.5245
39.5315
39.5306
39.5203
39.5195
39.5213
39.5244
39.5278
39.5268
39.5281
39.5312
39.524
39.5226
39.5254
39.5225
39.5353
39.5292
39.5275
39.5402
39.5331
39.5236
39.5364
39.5254
39.5175
39.5308
39.5157
39.5196
39.5276
39.5158
39.5316
39.5334
39.5278
39.5315
39.5296
39.5082
39.5237
39.5317
39.532
39.5237
39.5217
39.5212
39.5316
39.5116
39.5211
39.5211
39.531
39.531
39.526
39.5217
39.5263
39.5283
39.5172
39.5241
39.523
39.5157
39.5155
39.5262
39.5155
39.521
39.5222
39.5252
39.5393
39.5232
39.521
39.5217
39.5227
39.5199
39.5246
39.5214
39.5156
39.5191
39.5121
39.5225
39.5181
39.5229
39.5238
39.5231
39.5243
39.5161
39.52
39.5205
39.52
39.52
39.5254
39.5269
39.5286
39.528
39.5259
39.5261
39.5244
39.5202
39.5238
39.5284
39.5264
39.5186
39.529
39.5229
39.5233
39.5253
39.5214
39.524
39.5265
39.5282
39.5277
39.5191
39.5264
39.5345
39.5146
39.5201
39.5316
39.5234
39.5197
39.5293
39.5245
39.5307
39.5159
39.5279
39.5281
39.5211
39.5266
39.5266
39.5262
39.5153
39.5228
39.5269
39.5227
39.5181
39.5201
39.5292
39.5379
39.5134
39.5222
39.5227
39.5235
39.5201
39.524
39.5131
39.5377
39.5098
39.5206
39.5265
39.5253
39.527
39.5243
39.5195
39.5245
39.5264
39.5196
39.5219
39.528
39.5101
39.5285
39.5268
39.5263
39.5326
39.5183
39.5228
39.5213
39.5225
39.5236
39.5234
39.5297
39.5117
39.5284
39.5349
39.5228
39.5224
39.5296
39.5239
39.5153
39.5333
39.516
39.5228
39.5235
39.5093
39.5227
39.5343
39.517
39.5291
39.5281
39.5361
39.529
39.5212
39.5268
39.5217
39.5279
39.5198
39.521
39.5336
39.521
39.5254
39.5124
39.5079
39.5216
39.5286
39.5235
39.5213
39.5298
39.527
39.5242
39.5281
39.5305
39.5215
39.5217
39.5328
39.512
39.5333
39.5267
39.5231
39.5159
39.5322
39.5241
39.5376
39.5248
39.5202
39.532
39.5239
39.5256
39.5255
39.5282
39.5253
39.5293
39.5212
39.5178
39.5253
39.5241
39.5183
39.5214
39.5266
39.5174
39.5157
39.5234
39.5215
39.5247
39.5134
39.515
39.525
39.5212
39.5224
39.5385
39.5182
39.5224
39.5259
39.5367
39.5197
39.5282
39.5377
39.5322
39.5305
39.5279
39.5276
39.5247
39.5225
39.526
39.5269
39.5271
39.5198
39.5319
39.5165
39.5225
39.5121
39.53
39.5184
39.5218
39.507
39.5288
39.5305
39.521
39.5197
39.5333
39.5231
39.5237
39.528
39.5281
39.5203
39.5243
39.5159
39.5288
39.5322
39.5159
39.5276
39.5378
39.5138
39.5271
39.521
39.5286
39.529
39.5267
39.5148
39.5161
39.525
39.5279
39.5231
39.5363
39.5225
39.5136
39.5174
39.5272
39.5277
39.5146
39.5137
39.524
39.533
39.5211
39.5144
39.5206
39.522
39.5253
39.5271
39.5246
39.5326
39.5278
39.5308
39.5307
39.5272
39.5308
39.523
39.5204
39.534
39.5212
39.5254
39.5316
39.5151
39.5269
39.5267
39.5286
39.5126
39.5198
39.5315
39.5267
39.526
39.5151
39.5255
39.524
39.5265
39.5345
39.5281
39.5254
39.5278
39.5208
39.5354
39.5108
39.5116
39.5194
39.5344
39.5251
39.5346
39.5201
39.5183
39.531
39.5217
39.5355
39.5256
39.5241
39.5182
39.5268
39.5175
39.5243
39.5219
39.5306
39.5226
39.5261
39.5282
39.526
39.5189
39.5216
39.518
39.5169
39.5224
39.521
39.5185
39.5278
39.5204
39.518
39.5186
39.5258
39.521
39.5242
39.5193
39.5269
39.5242
39.5239
39.5343
39.5094
39.5242
39.5268
39.5269
39.5209
39.5286
39.5299
39.5218
39.5276
39.519
39.5278
39.5277
39.5277
39.5247
39.5255
39.5305
39.511
39.5139
39.5234
39.5239
39.5232
39.5172
39.5248
39.5256
39.5263
39.5295
39.5228
39.5146
39.5221
39.5261
39.5123
39.504
39.5227
39.5242
39.524
39.5303
39.5174
39.5296
39.5148
39.5261
39.5214
39.5149
39.5183
39.5164
39.5319
39.5229
39.5281
39.5259
39.5335
39.5307
39.5293
39.5269
39.5229
39.5235
39.5166
39.5223
39.5364
39.5149
39.517
39.5159
39.5254
39.5266
39.5156
39.52
39.5214
39.5228
39.5219
39.5188
39.5223
39.5345
39.526
39.5236
39.5232
39.5294
39.5163
39.5243
39.5207
39.523
39.5226
39.5244
39.5268
39.528
39.5189
39.5183
39.5244
39.5161
39.5242
39.5259
39.5176
39.5222
39.5171
39.5306
39.5306
39.5353
39.5226
39.5234
39.5308
39.5262
39.5394
39.5208
39.5262
39.5363
39.5119
39.5176
39.5395
39.5176
39.5274
39.5357
39.5249
39.5241
39.5256
39.523
39.5324
39.5267
39.5309
39.5151
39.5153
39.5296
39.5296
39.5132
39.5182
39.5234
39.5239
39.5245
39.5136
39.5276
39.5283
39.516
39.5264
39.5208
39.5152
39.512
39.5202
39.5224
39.523
39.5305
39.518
39.5362
39.5245
39.529
39.5279
39.5228
39.5175
39.5326
39.526
39.5334
39.5225
39.5263
39.5208
39.5219
39.5302
39.5197
39.5333
39.5134
39.5221
39.5205
39.5262
39.5228
39.5167
39.5191
39.5235
39.5289
39.522
39.5338
39.5318
39.5369
39.5213
39.5356
39.5149
39.5109
39.5224
39.5256
39.5288
39.5158
39.5266
39.5379
39.5171
39.5265
39.5318
39.525
39.5222
39.5244
39.5317
39.5305
39.5285
39.5174
39.5273
39.515
39.5292
39.5287
39.5161
39.5259
39.523
39.5249
39.5271
39.5244
39.5326
39.5237
39.5269
39.5272
39.5239
39.5329
39.5262
39.517
39.5185
39.525
39.5209
39.5226
39.5209
39.5213
39.5348
39.535
39.5341
39.5108
39.5205
39.5229
39.526
39.5315
39.5265
39.5229
39.5248
39.5268
39.5223
39.525
39.5205
39.5225
39.5142
39.5312
39.5225
39.5177
39.5387
39.5279
39.5217
39.531
39.5213
39.5374
39.5165
39.5306
39.5241
39.5175
39.524
39.5216
39.5242
39.5331
39.5179
39.5269
39.531
39.5221
39.5225
39.528
39.5227
39.523
39.529
39.5216
39.5183
39.5322
39.5248
39.5242
39.5125
39.521
39.5221
39.5242
39.5263
39.5287
39.5188
39.5268
39.5272
39.5246
39.5252
39.5184
39.5191
39.5234
39.5252
39.5312
39.5183
39.5282
39.5245
39.532
39.5275
39.5304
39.5195
39.5313
39.5269
39.5219
39.5198
39.5173
39.5231
39.5286
39.5185
39.5205
39.5194
39.524
39.5311
39.5177
39.5221
39.5227
39.5289
39.5256
39.5309
39.521
39.5292
39.5299
39.5275
39.5131
39.5265
39.5357
39.5213
39.5196
39.5291
39.5244
39.5187
39.5177
39.518
39.5303
39.5322
39.5266
39.5277
39.5276
39.5159
39.5261
39.5263
39.5207
39.5286
39.5296
39.512
39.5195
39.5098
39.5213
39.5227
39.5175
39.5327
39.5215
39.5272
39.5214
39.5237
39.5244
39.5112
39.5277
39.5301
39.5398
39.5223
39.5234
39.5265
39.5238
39.5178
39.5176
39.5259
39.5216
39.529
39.5167
39.5235
39.5264
39.5317
39.5293
39.5321
39.5245
39.5201
39.528
39.5303
39.5212
39.5264
39.5221
39.5221
39.5244
39.5237
39.524
39.5288
39.5088
39.5181
39.5272
39.5107
39.5246
39.5242
39.5177
39.5224
39.5203
39.531
39.519
39.5164
39.5193
39.5207
39.5271
39.5234
39.5175
39.5248
39.5115
39.5201
39.5373
39.5174
39.5301
39.5152
39.5155
39.5186
39.5282
39.5266
39.5363
39.5199
39.5273
39.518
39.5212
39.5207
39.534
39.5175
39.5278
39.5222
39.515
39.5357
39.535
39.5245
39.5221
39.5228
39.5177
39.5178
39.5213
39.5274
39.5157
39.5168
39.5332
39.5271
39.5283
39.5216
39.5238
39.522
39.5204
39.5208
39.525
39.528
39.5184
39.5302
39.5257
39.5131
39.5266
39.5302
39.5242
39.5168
39.5202
39.5409
39.5346
39.53
39.5416
39.5179
39.5364
39.526
39.5176
39.5148
39.5242
39.5197
39.519
39.5219
39.5301
39.5121
39.525
39.5173
39.5324
39.5267
39.5298
39.5126
39.5226
39.5228
39.5269
39.5204
39.5212
39.5235
39.5267
39.5331
39.5157
39.5193
39.5219
39.5271
39.525
39.5172
39.5263
39.5317
39.5321
39.5246
39.5154
39.5147
39.5139
39.5328
39.5215
39.5238
39.528
39.5205
39.517
39.5156
39.5262
39.5261
39.5275
39.5317
39.5353
